70003 -1 #SUP: 480
70004 -1 #SUP: 482
70005 -1 #SUP: 512
90001 -1 #SUP: 516
90002 -1 #SUP: 495
90003 -1 #SUP: 496
90004 -1 #SUP: 494
90005 -1 #SUP: 489
90006 -1 #SUP: 487
90007 -1 #SUP: 485
220004 -1 #SUP: 474
220005 -1 #SUP: 455
220006 -1 #SUP: 437
220007 -1 #SUP: 453
260001 -1 #SUP: 870
1370000 -1 #SUP: 464
1600000 -1 #SUP: 493
1650001 -1 #SUP: 1101
2770000 -1 #SUP: 636
2770001 -1 #SUP: 622
2770002 -1 #SUP: 618
2770003 -1 #SUP: 614
3030002 -1 #SUP: 635
4090000 -1 #SUP: 1135
4300000 -1 #SUP: 505
4300001 -1 #SUP: 504
4300002 -1 #SUP: 496
4300003 -1 #SUP: 497
4300004 -1 #SUP: 490
4300005 -1 #SUP: 486
4880000 -1 #SUP: 782
6350000 -1 #SUP: 557
4300004 -1 4300005 -1 #SUP: 486
4300003 -1 4300005 -1 #SUP: 486
4300002 -1 4300005 -1 #SUP: 485
4300001 -1 4300005 -1 #SUP: 484
4300000 -1 4300005 -1 #SUP: 483
4300003 -1 4300004 -1 #SUP: 490
4300002 -1 4300004 -1 #SUP: 489
4300001 -1 4300004 -1 #SUP: 488
4300000 -1 4300004 -1 #SUP: 487
4300002 -1 4300003 -1 #SUP: 496
4300001 -1 4300003 -1 #SUP: 495
4300000 -1 4300003 -1 #SUP: 494
4300003 -1 4300004 -1 4300005 -1 #SUP: 486
4300001 -1 4300002 -1 #SUP: 495
4300000 -1 4300002 -1 #SUP: 494
4300002 -1 4300003 -1 4300004 -1 #SUP: 489
4300002 -1 4300003 -1 4300005 -1 #SUP: 485
4300002 -1 4300003 -1 4300004 -1 4300005 -1 #SUP: 485
4300002 -1 4300004 -1 4300005 -1 #SUP: 485
4300000 -1 4300001 -1 #SUP: 503
4300001 -1 4300002 -1 4300003 -1 #SUP: 495
4300001 -1 4300002 -1 4300004 -1 #SUP: 488
4300001 -1 4300002 -1 4300005 -1 #SUP: 484
4300001 -1 4300002 -1 4300004 -1 4300005 -1 #SUP: 484
4300001 -1 4300002 -1 4300003 -1 4300005 -1 #SUP: 484
4300001 -1 4300002 -1 4300003 -1 4300004 -1 #SUP: 488
4300001 -1 4300002 -1 4300003 -1 4300004 -1 4300005 -1 #SUP: 484
4300001 -1 4300003 -1 4300004 -1 #SUP: 488
4300001 -1 4300003 -1 4300005 -1 #SUP: 484
4300001 -1 4300003 -1 4300004 -1 4300005 -1 #SUP: 484
4300001 -1 4300004 -1 4300005 -1 #SUP: 484
4300000 -1 4300001 -1 4300002 -1 #SUP: 494
4300000 -1 4300001 -1 4300003 -1 #SUP: 494
4300000 -1 4300001 -1 4300004 -1 #SUP: 487
4300000 -1 4300001 -1 4300005 -1 #SUP: 483
4300000 -1 4300001 -1 4300004 -1 4300005 -1 #SUP: 483
4300000 -1 4300001 -1 4300003 -1 4300005 -1 #SUP: 483
4300000 -1 4300001 -1 4300002 -1 4300005 -1 #SUP: 483
4300000 -1 4300001 -1 4300003 -1 4300004 -1 #SUP: 487
4300000 -1 4300001 -1 4300002 -1 4300004 -1 #SUP: 487
4300000 -1 4300001 -1 4300002 -1 4300003 -1 #SUP: 494
4300000 -1 4300001 -1 4300003 -1 4300004 -1 4300005 -1 #SUP: 483
4300000 -1 4300001 -1 4300002 -1 4300003 -1 4300004 -1 #SUP: 487
4300000 -1 4300001 -1 4300002 -1 4300003 -1 4300005 -1 #SUP: 483
4300000 -1 4300001 -1 4300002 -1 4300003 -1 4300004 -1 4300005 -1 #SUP: 483
4300000 -1 4300001 -1 4300002 -1 4300004 -1 4300005 -1 #SUP: 483
4300000 -1 4300002 -1 4300003 -1 #SUP: 494
4300000 -1 4300002 -1 4300004 -1 #SUP: 487
4300000 -1 4300002 -1 4300005 -1 #SUP: 483
4300000 -1 4300002 -1 4300004 -1 4300005 -1 #SUP: 483
4300000 -1 4300002 -1 4300003 -1 4300005 -1 #SUP: 483
4300000 -1 4300002 -1 4300003 -1 4300004 -1 #SUP: 487
4300000 -1 4300002 -1 4300003 -1 4300004 -1 4300005 -1 #SUP: 483
4300000 -1 4300003 -1 4300004 -1 #SUP: 487
4300000 -1 4300003 -1 4300005 -1 #SUP: 483
4300000 -1 4300003 -1 4300004 -1 4300005 -1 #SUP: 483
4300000 -1 4300004 -1 4300005 -1 #SUP: 483
2770002 -1 2770003 -1 #SUP: 614
2770001 -1 2770003 -1 #SUP: 614
2770000 -1 2770003 -1 #SUP: 614
2770001 -1 2770002 -1 #SUP: 618
2770000 -1 2770002 -1 #SUP: 618
2770000 -1 2770001 -1 #SUP: 622
2770001 -1 2770002 -1 2770003 -1 #SUP: 614
2770000 -1 2770001 -1 2770002 -1 #SUP: 618
2770000 -1 2770001 -1 2770003 -1 #SUP: 614
2770000 -1 2770001 -1 2770002 -1 2770003 -1 #SUP: 614
2770000 -1 2770002 -1 2770003 -1 #SUP: 614
220004 -1 220005 -1 #SUP: 455
90006 -1 90007 -1 #SUP: 485
90005 -1 90007 -1 #SUP: 485
90004 -1 90007 -1 #SUP: 485
90003 -1 90007 -1 #SUP: 485
90002 -1 90007 -1 #SUP: 484
90001 -1 90007 -1 #SUP: 478
90005 -1 90006 -1 #SUP: 487
90004 -1 90006 -1 #SUP: 487
90003 -1 90006 -1 #SUP: 487
90002 -1 90006 -1 #SUP: 486
90001 -1 90006 -1 #SUP: 480
90004 -1 90005 -1 #SUP: 489
90003 -1 90005 -1 #SUP: 489
90002 -1 90005 -1 #SUP: 488
90001 -1 90005 -1 #SUP: 482
90005 -1 90006 -1 90007 -1 #SUP: 485
90003 -1 90004 -1 #SUP: 494
90002 -1 90004 -1 #SUP: 493
90001 -1 90004 -1 #SUP: 487
90004 -1 90005 -1 90006 -1 #SUP: 487
90004 -1 90005 -1 90007 -1 #SUP: 485
90004 -1 90005 -1 90006 -1 90007 -1 #SUP: 485
90004 -1 90006 -1 90007 -1 #SUP: 485
90002 -1 90003 -1 #SUP: 495
90001 -1 90003 -1 #SUP: 489
90003 -1 90004 -1 90005 -1 #SUP: 489
90003 -1 90004 -1 90006 -1 #SUP: 487
90003 -1 90004 -1 90007 -1 #SUP: 485
90003 -1 90004 -1 90006 -1 90007 -1 #SUP: 485
90003 -1 90004 -1 90005 -1 90007 -1 #SUP: 485
90003 -1 90004 -1 90005 -1 90006 -1 #SUP: 487
90003 -1 90004 -1 90005 -1 90006 -1 90007 -1 #SUP: 485
90003 -1 90005 -1 90006 -1 #SUP: 487
90003 -1 90005 -1 90007 -1 #SUP: 485
90003 -1 90005 -1 90006 -1 90007 -1 #SUP: 485
90003 -1 90006 -1 90007 -1 #SUP: 485
90001 -1 90002 -1 #SUP: 489
90002 -1 90003 -1 90004 -1 #SUP: 493
90002 -1 90003 -1 90005 -1 #SUP: 488
90002 -1 90003 -1 90006 -1 #SUP: 486
90002 -1 90003 -1 90007 -1 #SUP: 484
90002 -1 90003 -1 90006 -1 90007 -1 #SUP: 484
90002 -1 90003 -1 90005 -1 90007 -1 #SUP: 484
90002 -1 90003 -1 90004 -1 90007 -1 #SUP: 484
90002 -1 90003 -1 90005 -1 90006 -1 #SUP: 486
90002 -1 90003 -1 90004 -1 90006 -1 #SUP: 486
90002 -1 90003 -1 90004 -1 90005 -1 #SUP: 488
90002 -1 90003 -1 90005 -1 90006 -1 90007 -1 #SUP: 484
90002 -1 90003 -1 90004 -1 90005 -1 90006 -1 #SUP: 486
90002 -1 90003 -1 90004 -1 90005 -1 90007 -1 #SUP: 484
90002 -1 90003 -1 90004 -1 90005 -1 90006 -1 90007 -1 #SUP: 484
90002 -1 90003 -1 90004 -1 90006 -1 90007 -1 #SUP: 484
90002 -1 90004 -1 90005 -1 #SUP: 488
90002 -1 90004 -1 90006 -1 #SUP: 486
90002 -1 90004 -1 90007 -1 #SUP: 484
90002 -1 90004 -1 90006 -1 90007 -1 #SUP: 484
90002 -1 90004 -1 90005 -1 90007 -1 #SUP: 484
90002 -1 90004 -1 90005 -1 90006 -1 #SUP: 486
90002 -1 90004 -1 90005 -1 90006 -1 90007 -1 #SUP: 484
90002 -1 90005 -1 90006 -1 #SUP: 486
90002 -1 90005 -1 90007 -1 #SUP: 484
90002 -1 90005 -1 90006 -1 90007 -1 #SUP: 484
90002 -1 90006 -1 90007 -1 #SUP: 484
90001 -1 90002 -1 90003 -1 #SUP: 489
90001 -1 90002 -1 90004 -1 #SUP: 487
90001 -1 90002 -1 90005 -1 #SUP: 482
90001 -1 90002 -1 90006 -1 #SUP: 480
90001 -1 90002 -1 90007 -1 #SUP: 478
90001 -1 90002 -1 90006 -1 90007 -1 #SUP: 478
90001 -1 90002 -1 90005 -1 90007 -1 #SUP: 478
90001 -1 90002 -1 90004 -1 90007 -1 #SUP: 478
90001 -1 90002 -1 90003 -1 90007 -1 #SUP: 478
90001 -1 90002 -1 90005 -1 90006 -1 #SUP: 480
90001 -1 90002 -1 90004 -1 90006 -1 #SUP: 480
90001 -1 90002 -1 90003 -1 90006 -1 #SUP: 480
90001 -1 90002 -1 90004 -1 90005 -1 #SUP: 482
90001 -1 90002 -1 90003 -1 90005 -1 #SUP: 482
90001 -1 90002 -1 90005 -1 90006 -1 90007 -1 #SUP: 478
90001 -1 90002 -1 90003 -1 90004 -1 #SUP: 487
90001 -1 90002 -1 90004 -1 90005 -1 90006 -1 #SUP: 480
90001 -1 90002 -1 90004 -1 90005 -1 90007 -1 #SUP: 478
90001 -1 90002 -1 90004 -1 90005 -1 90006 -1 90007 -1 #SUP: 478
90001 -1 90002 -1 90004 -1 90006 -1 90007 -1 #SUP: 478
90001 -1 90002 -1 90003 -1 90004 -1 90005 -1 #SUP: 482
90001 -1 90002 -1 90003 -1 90004 -1 90006 -1 #SUP: 480
90001 -1 90002 -1 90003 -1 90004 -1 90007 -1 #SUP: 478
90001 -1 90002 -1 90003 -1 90004 -1 90006 -1 90007 -1 #SUP: 478
90001 -1 90002 -1 90003 -1 90004 -1 90005 -1 90007 -1 #SUP: 478
90001 -1 90002 -1 90003 -1 90004 -1 90005 -1 90006 -1 #SUP: 480
90001 -1 90002 -1 90003 -1 90004 -1 90005 -1 90006 -1 90007 -1 #SUP: 478
90001 -1 90002 -1 90003 -1 90005 -1 90006 -1 #SUP: 480
90001 -1 90002 -1 90003 -1 90005 -1 90007 -1 #SUP: 478
90001 -1 90002 -1 90003 -1 90005 -1 90006 -1 90007 -1 #SUP: 478
90001 -1 90002 -1 90003 -1 90006 -1 90007 -1 #SUP: 478
90001 -1 90003 -1 90004 -1 #SUP: 487
90001 -1 90003 -1 90005 -1 #SUP: 482
90001 -1 90003 -1 90006 -1 #SUP: 480
90001 -1 90003 -1 90007 -1 #SUP: 478
90001 -1 90003 -1 90006 -1 90007 -1 #SUP: 478
90001 -1 90003 -1 90005 -1 90007 -1 #SUP: 478
90001 -1 90003 -1 90004 -1 90007 -1 #SUP: 478
90001 -1 90003 -1 90005 -1 90006 -1 #SUP: 480
90001 -1 90003 -1 90004 -1 90006 -1 #SUP: 480
90001 -1 90003 -1 90004 -1 90005 -1 #SUP: 482
90001 -1 90003 -1 90005 -1 90006 -1 90007 -1 #SUP: 478
90001 -1 90003 -1 90004 -1 90005 -1 90006 -1 #SUP: 480
90001 -1 90003 -1 90004 -1 90005 -1 90007 -1 #SUP: 478
90001 -1 90003 -1 90004 -1 90005 -1 90006 -1 90007 -1 #SUP: 478
90001 -1 90003 -1 90004 -1 90006 -1 90007 -1 #SUP: 478
90001 -1 90004 -1 90005 -1 #SUP: 482
90001 -1 90004 -1 90006 -1 #SUP: 480
90001 -1 90004 -1 90007 -1 #SUP: 478
90001 -1 90004 -1 90006 -1 90007 -1 #SUP: 478
90001 -1 90004 -1 90005 -1 90007 -1 #SUP: 478
90001 -1 90004 -1 90005 -1 90006 -1 #SUP: 480
90001 -1 90004 -1 90005 -1 90006 -1 90007 -1 #SUP: 478
90001 -1 90005 -1 90006 -1 #SUP: 480
90001 -1 90005 -1 90007 -1 #SUP: 478
90001 -1 90005 -1 90006 -1 90007 -1 #SUP: 478
90001 -1 90006 -1 90007 -1 #SUP: 478
70004 -1 70005 -1 #SUP: 475
70003 -1 70005 -1 #SUP: 473
70003 -1 70004 -1 #SUP: 480
70003 -1 70004 -1 70005 -1 #SUP: 473
