0 -1 #SUP: 302
1 -1 #SUP: 191
2 -1 #SUP: 116
3 -1 #SUP: 119
4 -1 #SUP: 120
5 -1 #SUP: 113
6 -1 #SUP: 110
7 -1 #SUP: 111
8 -1 #SUP: 83
9 -1 #SUP: 92
0 -1 9 -1 #SUP: 72
9 -1 0 -1 #SUP: 80
9 -1 0 -1 0 -1 #SUP: 75
0 -1 8 -1 #SUP: 76
8 -1 0 -1 #SUP: 73
1 -1 7 -1 #SUP: 79
7 -1 1 -1 #SUP: 65
0 -1 7 -1 #SUP: 99
7 -1 0 -1 #SUP: 92
7 -1 0 -1 0 -1 #SUP: 80
7 -1 0 -1 0 -1 0 -1 #SUP: 69
1 -1 6 -1 #SUP: 90
6 -1 1 -1 #SUP: 64
0 -1 6 -1 #SUP: 93
6 -1 0 -1 #SUP: 96
6 -1 0 -1 0 -1 #SUP: 85
6 -1 0 -1 0 -1 0 -1 #SUP: 70
5 -1 5 -1 #SUP: 67
1 -1 5 -1 #SUP: 82
5 -1 1 -1 #SUP: 65
0 -1 5 -1 #SUP: 99
5 -1 0 -1 #SUP: 99
5 -1 0 -1 0 -1 #SUP: 87
5 -1 0 -1 0 -1 0 -1 #SUP: 74
5 -1 0 -1 0 -1 0 -1 0 -1 #SUP: 64
1 -1 4 -1 #SUP: 82
4 -1 1 -1 #SUP: 69
0 -1 4 -1 #SUP: 100
4 -1 0 -1 #SUP: 103
4 -1 0 -1 0 -1 #SUP: 93
4 -1 0 -1 0 -1 0 -1 #SUP: 75
4 -1 0 -1 0 -1 0 -1 0 -1 #SUP: 66
3 -1 3 -1 #SUP: 64
1 -1 3 -1 #SUP: 90
3 -1 1 -1 #SUP: 72
0 -1 3 -1 #SUP: 92
3 -1 0 -1 #SUP: 103
3 -1 0 -1 0 -1 #SUP: 83
3 -1 0 -1 0 -1 0 -1 #SUP: 72
3 -1 0 -1 0 -1 0 -1 0 -1 #SUP: 65
1 -1 2 -1 #SUP: 83
0 -1 2 -1 #SUP: 93
2 -1 0 -1 #SUP: 95
2 -1 0 -1 0 -1 #SUP: 84
2 -1 0 -1 0 -1 0 -1 #SUP: 68
1 -1 1 -1 #SUP: 125
0 -1 1 -1 #SUP: 160
1 -1 0 -1 #SUP: 172
1 -1 0 -1 0 -1 #SUP: 149
1 -1 1 -1 0 -1 #SUP: 115
1 -1 0 -1 1 -1 #SUP: 81
1 -1 2 -1 0 -1 #SUP: 67
1 -1 3 -1 0 -1 #SUP: 80
1 -1 4 -1 0 -1 #SUP: 70
1 -1 5 -1 0 -1 #SUP: 75
1 -1 0 -1 5 -1 #SUP: 66
1 -1 6 -1 0 -1 #SUP: 81
1 -1 7 -1 0 -1 #SUP: 65
1 -1 0 -1 0 -1 1 -1 #SUP: 65
1 -1 0 -1 1 -1 0 -1 #SUP: 72
1 -1 0 -1 1 -1 0 -1 0 -1 #SUP: 64
1 -1 0 -1 0 -1 0 -1 #SUP: 129
1 -1 0 -1 0 -1 0 -1 0 -1 #SUP: 111
1 -1 0 -1 0 -1 0 -1 0 -1 0 -1 #SUP: 94
1 -1 0 -1 0 -1 0 -1 0 -1 0 -1 0 -1 #SUP: 78
1 -1 0 -1 0 -1 0 -1 0 -1 0 -1 0 -1 0 -1 #SUP: 69
1 -1 0 -1 0 -1 0 -1 0 -1 0 -1 0 -1 0 -1 0 -1 #SUP: 64
1 -1 1 -1 1 -1 #SUP: 81
1 -1 1 -1 1 -1 0 -1 #SUP: 71
1 -1 1 -1 0 -1 0 -1 #SUP: 100
1 -1 1 -1 0 -1 0 -1 0 -1 #SUP: 81
1 -1 1 -1 0 -1 0 -1 0 -1 0 -1 #SUP: 75
1 -1 1 -1 0 -1 0 -1 0 -1 0 -1 0 -1 #SUP: 66
1 -1 4 -1 0 -1 0 -1 #SUP: 65
1 -1 5 -1 0 -1 0 -1 #SUP: 65
1 -1 6 -1 0 -1 0 -1 #SUP: 69
0 -1 0 -1 #SUP: 267
0 -1 0 -1 0 -1 #SUP: 238
0 -1 1 -1 0 -1 #SUP: 148
0 -1 0 -1 1 -1 #SUP: 132
0 -1 2 -1 0 -1 #SUP: 78
0 -1 0 -1 2 -1 #SUP: 83
0 -1 3 -1 0 -1 #SUP: 80
0 -1 0 -1 3 -1 #SUP: 74
0 -1 4 -1 0 -1 #SUP: 88
0 -1 0 -1 4 -1 #SUP: 80
0 -1 5 -1 0 -1 #SUP: 88
0 -1 0 -1 5 -1 #SUP: 79
0 -1 6 -1 0 -1 #SUP: 84
0 -1 0 -1 6 -1 #SUP: 74
0 -1 7 -1 0 -1 #SUP: 82
0 -1 0 -1 7 -1 #SUP: 80
0 -1 8 -1 0 -1 #SUP: 68
0 -1 0 -1 8 -1 #SUP: 64
0 -1 9 -1 0 -1 #SUP: 65
0 -1 0 -1 0 -1 7 -1 #SUP: 72
0 -1 0 -1 7 -1 0 -1 #SUP: 69
0 -1 0 -1 0 -1 6 -1 #SUP: 66
0 -1 0 -1 6 -1 0 -1 #SUP: 66
0 -1 0 -1 0 -1 5 -1 #SUP: 69
0 -1 0 -1 5 -1 0 -1 #SUP: 70
0 -1 0 -1 0 -1 4 -1 #SUP: 68
0 -1 0 -1 4 -1 0 -1 #SUP: 72
0 -1 0 -1 4 -1 0 -1 0 -1 #SUP: 65
0 -1 0 -1 1 -1 2 -1 #SUP: 66
0 -1 0 -1 0 -1 2 -1 #SUP: 71
0 -1 0 -1 2 -1 0 -1 #SUP: 70
0 -1 0 -1 1 -1 1 -1 #SUP: 83
0 -1 0 -1 0 -1 1 -1 #SUP: 110
0 -1 0 -1 1 -1 0 -1 #SUP: 121
0 -1 0 -1 1 -1 0 -1 0 -1 #SUP: 106
0 -1 0 -1 1 -1 1 -1 0 -1 #SUP: 77
0 -1 0 -1 1 -1 0 -1 0 -1 0 -1 #SUP: 90
0 -1 0 -1 1 -1 0 -1 0 -1 0 -1 0 -1 #SUP: 75
0 -1 0 -1 1 -1 0 -1 0 -1 0 -1 0 -1 0 -1 #SUP: 65
0 -1 0 -1 1 -1 1 -1 0 -1 0 -1 #SUP: 65
0 -1 0 -1 0 -1 0 -1 #SUP: 212
0 -1 0 -1 0 -1 0 -1 0 -1 #SUP: 194
0 -1 0 -1 0 -1 1 -1 0 -1 #SUP: 104
0 -1 0 -1 0 -1 0 -1 1 -1 #SUP: 89
0 -1 0 -1 0 -1 7 -1 0 -1 #SUP: 64
0 -1 0 -1 0 -1 0 -1 0 -1 1 -1 #SUP: 76
0 -1 0 -1 0 -1 0 -1 1 -1 0 -1 #SUP: 84
0 -1 0 -1 0 -1 0 -1 1 -1 0 -1 0 -1 #SUP: 75
0 -1 0 -1 0 -1 0 -1 1 -1 0 -1 0 -1 0 -1 #SUP: 67
0 -1 0 -1 0 -1 0 -1 0 -1 0 -1 #SUP: 167
0 -1 0 -1 0 -1 0 -1 0 -1 0 -1 0 -1 #SUP: 147
0 -1 0 -1 0 -1 0 -1 0 -1 1 -1 0 -1 #SUP: 70
0 -1 0 -1 0 -1 0 -1 0 -1 0 -1 0 -1 0 -1 #SUP: 130
0 -1 0 -1 0 -1 0 -1 0 -1 0 -1 0 -1 0 -1 0 -1 #SUP: 119
0 -1 0 -1 0 -1 0 -1 0 -1 0 -1 0 -1 0 -1 0 -1 0 -1 #SUP: 109
0 -1 0 -1 0 -1 0 -1 0 -1 0 -1 0 -1 0 -1 0 -1 0 -1 0 -1 #SUP: 98
0 -1 0 -1 0 -1 0 -1 0 -1 0 -1 0 -1 0 -1 0 -1 0 -1 0 -1 0 -1 #SUP: 87
0 -1 0 -1 0 -1 0 -1 0 -1 0 -1 0 -1 0 -1 0 -1 0 -1 0 -1 0 -1 0 -1 #SUP: 79
0 -1 0 -1 0 -1 0 -1 0 -1 0 -1 0 -1 0 -1 0 -1 0 -1 0 -1 0 -1 0 -1 0 -1 #SUP: 75
0 -1 0 -1 0 -1 0 -1 0 -1 0 -1 0 -1 0 -1 0 -1 0 -1 0 -1 0 -1 0 -1 0 -1 0 -1 #SUP: 66
0 -1 0 -1 0 -1 1 -1 1 -1 #SUP: 72
0 -1 0 -1 0 -1 1 -1 1 -1 0 -1 #SUP: 66
0 -1 0 -1 0 -1 1 -1 0 -1 0 -1 #SUP: 93
0 -1 0 -1 0 -1 1 -1 0 -1 0 -1 0 -1 #SUP: 82
0 -1 0 -1 0 -1 1 -1 0 -1 0 -1 0 -1 0 -1 #SUP: 69
0 -1 1 -1 1 -1 #SUP: 102
0 -1 1 -1 2 -1 #SUP: 76
0 -1 1 -1 3 -1 #SUP: 69
0 -1 1 -1 5 -1 #SUP: 66
0 -1 1 -1 6 -1 #SUP: 72
0 -1 1 -1 7 -1 #SUP: 67
0 -1 1 -1 6 -1 0 -1 #SUP: 66
0 -1 1 -1 1 -1 1 -1 #SUP: 65
0 -1 1 -1 0 -1 1 -1 #SUP: 67
0 -1 1 -1 1 -1 0 -1 #SUP: 96
0 -1 1 -1 1 -1 0 -1 0 -1 #SUP: 80
0 -1 1 -1 1 -1 0 -1 0 -1 0 -1 #SUP: 66
0 -1 1 -1 0 -1 0 -1 #SUP: 127
0 -1 1 -1 0 -1 0 -1 0 -1 #SUP: 110
0 -1 1 -1 0 -1 0 -1 0 -1 0 -1 #SUP: 96
0 -1 1 -1 0 -1 0 -1 0 -1 0 -1 0 -1 #SUP: 80
0 -1 1 -1 0 -1 0 -1 0 -1 0 -1 0 -1 0 -1 #SUP: 68
0 -1 2 -1 0 -1 0 -1 #SUP: 70
0 -1 3 -1 0 -1 0 -1 #SUP: 65
0 -1 4 -1 0 -1 0 -1 #SUP: 77
0 -1 5 -1 0 -1 0 -1 #SUP: 77
0 -1 5 -1 0 -1 0 -1 0 -1 #SUP: 66
0 -1 6 -1 0 -1 0 -1 #SUP: 75
0 -1 7 -1 0 -1 0 -1 #SUP: 71
