30000 -1 #SUP: 358
30001 -1 #SUP: 256
30002 -1 #SUP: 257
30003 -1 #SUP: 261
60000 -1 #SUP: 231
70001 -1 #SUP: 374
70002 -1 #SUP: 396
70003 -1 #SUP: 480
70004 -1 #SUP: 482
70005 -1 #SUP: 512
90001 -1 #SUP: 516
90002 -1 #SUP: 495
90003 -1 #SUP: 496
90004 -1 #SUP: 494
90005 -1 #SUP: 489
90006 -1 #SUP: 487
90007 -1 #SUP: 485
160012 -1 #SUP: 315
160013 -1 #SUP: 308
160014 -1 #SUP: 308
160015 -1 #SUP: 348
220000 -1 #SUP: 356
220001 -1 #SUP: 380
220002 -1 #SUP: 401
220003 -1 #SUP: 371
220004 -1 #SUP: 474
220005 -1 #SUP: 455
220006 -1 #SUP: 437
220007 -1 #SUP: 453
220008 -1 #SUP: 221
220009 -1 #SUP: 320
250000 -1 #SUP: 432
260001 -1 #SUP: 870
290000 -1 #SUP: 221
520000 -1 #SUP: 293
540002 -1 #SUP: 244
550000 -1 #SUP: 219
550001 -1 #SUP: 220
550002 -1 #SUP: 224
550003 -1 #SUP: 224
550004 -1 #SUP: 231
550005 -1 #SUP: 232
550006 -1 #SUP: 233
550007 -1 #SUP: 234
550008 -1 #SUP: 337
550009 -1 #SUP: 309
550010 -1 #SUP: 312
550011 -1 #SUP: 311
550012 -1 #SUP: 309
550013 -1 #SUP: 308
550014 -1 #SUP: 306
550015 -1 #SUP: 374
1020000 -1 #SUP: 398
1030000 -1 #SUP: 273
1030001 -1 #SUP: 275
1030002 -1 #SUP: 283
1050000 -1 #SUP: 253
1160000 -1 #SUP: 230
1160001 -1 #SUP: 227
1160002 -1 #SUP: 225
1160003 -1 #SUP: 221
1350000 -1 #SUP: 240
1360000 -1 #SUP: 319
1360001 -1 #SUP: 314
1360002 -1 #SUP: 307
1370000 -1 #SUP: 464
1390000 -1 #SUP: 295
1400000 -1 #SUP: 226
1420000 -1 #SUP: 291
1460001 -1 #SUP: 239
1470000 -1 #SUP: 296
1540001 -1 #SUP: 224
1540002 -1 #SUP: 222
1540003 -1 #SUP: 224
1540004 -1 #SUP: 413
1580000 -1 #SUP: 375
1590004 -1 #SUP: 242
1600000 -1 #SUP: 493
1650001 -1 #SUP: 1101
1690001 -1 #SUP: 221
1710000 -1 #SUP: 264
2550000 -1 #SUP: 311
2550001 -1 #SUP: 416
2550002 -1 #SUP: 262
2770000 -1 #SUP: 636
2770001 -1 #SUP: 622
2770002 -1 #SUP: 618
2770003 -1 #SUP: 614
2980000 -1 #SUP: 382
2990000 -1 #SUP: 382
2990001 -1 #SUP: 349
2990002 -1 #SUP: 362
3000000 -1 #SUP: 295
3010000 -1 #SUP: 432
3020000 -1 #SUP: 276
3030002 -1 #SUP: 635
3040001 -1 #SUP: 277
3060014 -1 #SUP: 239
3060016 -1 #SUP: 258
3060017 -1 #SUP: 403
3060018 -1 #SUP: 316
3400000 -1 #SUP: 262
3400001 -1 #SUP: 265
3400002 -1 #SUP: 266
3400003 -1 #SUP: 264
3400004 -1 #SUP: 274
3400005 -1 #SUP: 274
3400006 -1 #SUP: 337
3420000 -1 #SUP: 306
3590000 -1 #SUP: 223
4080000 -1 #SUP: 426
4090000 -1 #SUP: 1135
4100000 -1 #SUP: 241
4120000 -1 #SUP: 295
4120001 -1 #SUP: 299
4120002 -1 #SUP: 298
4140000 -1 #SUP: 292
4140001 -1 #SUP: 290
4140002 -1 #SUP: 287
4140003 -1 #SUP: 288
4270001 -1 #SUP: 263
4300000 -1 #SUP: 505
4300001 -1 #SUP: 504
4300002 -1 #SUP: 496
4300003 -1 #SUP: 497
4300004 -1 #SUP: 490
4300005 -1 #SUP: 486
4310000 -1 #SUP: 436
4880000 -1 #SUP: 782
4880001 -1 #SUP: 324
4880002 -1 #SUP: 309
5520000 -1 #SUP: 261
5840002 -1 #SUP: 232
6350000 -1 #SUP: 557
6450000 -1 #SUP: 222
6660000 -1 #SUP: 244
6660001 -1 #SUP: 229
6660002 -1 #SUP: 227
6660003 -1 #SUP: 296
6660002 -1 6660003 -1 #SUP: 224
6660001 -1 6660003 -1 #SUP: 224
6660000 -1 6660003 -1 #SUP: 224
6660001 -1 6660002 -1 #SUP: 227
6660000 -1 6660002 -1 #SUP: 227
6660000 -1 6660001 -1 #SUP: 229
6660001 -1 6660002 -1 6660003 -1 #SUP: 224
6660000 -1 6660001 -1 6660002 -1 #SUP: 227
6660000 -1 6660001 -1 6660003 -1 #SUP: 224
6660000 -1 6660001 -1 6660002 -1 6660003 -1 #SUP: 224
6660000 -1 6660002 -1 6660003 -1 #SUP: 224
4880001 -1 4880002 -1 #SUP: 303
4880000 -1 4880002 -1 #SUP: 302
4880000 -1 4880001 -1 #SUP: 323
4880000 -1 4880001 -1 4880002 -1 #SUP: 302
4300004 -1 4300005 -1 #SUP: 486
4300003 -1 4300005 -1 #SUP: 486
4300002 -1 4300005 -1 #SUP: 485
4300001 -1 4300005 -1 #SUP: 484
4300000 -1 4300005 -1 #SUP: 483
4300003 -1 4300004 -1 #SUP: 490
4300002 -1 4300004 -1 #SUP: 489
4300001 -1 4300004 -1 #SUP: 488
4300000 -1 4300004 -1 #SUP: 487
4300002 -1 4300003 -1 #SUP: 496
4300001 -1 4300003 -1 #SUP: 495
4300000 -1 4300003 -1 #SUP: 494
4300003 -1 4300004 -1 4300005 -1 #SUP: 486
4300001 -1 4300002 -1 #SUP: 495
4300000 -1 4300002 -1 #SUP: 494
4300002 -1 4300003 -1 4300004 -1 #SUP: 489
4300002 -1 4300003 -1 4300005 -1 #SUP: 485
4300002 -1 4300003 -1 4300004 -1 4300005 -1 #SUP: 485
4300002 -1 4300004 -1 4300005 -1 #SUP: 485
4300000 -1 4300001 -1 #SUP: 503
4300001 -1 4300002 -1 4300003 -1 #SUP: 495
4300001 -1 4300002 -1 4300004 -1 #SUP: 488
4300001 -1 4300002 -1 4300005 -1 #SUP: 484
4300001 -1 4300002 -1 4300004 -1 4300005 -1 #SUP: 484
4300001 -1 4300002 -1 4300003 -1 4300005 -1 #SUP: 484
4300001 -1 4300002 -1 4300003 -1 4300004 -1 #SUP: 488
4300001 -1 4300002 -1 4300003 -1 4300004 -1 4300005 -1 #SUP: 484
4300001 -1 4300003 -1 4300004 -1 #SUP: 488
4300001 -1 4300003 -1 4300005 -1 #SUP: 484
4300001 -1 4300003 -1 4300004 -1 4300005 -1 #SUP: 484
4300001 -1 4300004 -1 4300005 -1 #SUP: 484
4300000 -1 4300001 -1 4300002 -1 #SUP: 494
4300000 -1 4300001 -1 4300003 -1 #SUP: 494
4300000 -1 4300001 -1 4300004 -1 #SUP: 487
4300000 -1 4300001 -1 4300005 -1 #SUP: 483
4300000 -1 4300001 -1 4300004 -1 4300005 -1 #SUP: 483
4300000 -1 4300001 -1 4300003 -1 4300005 -1 #SUP: 483
4300000 -1 4300001 -1 4300002 -1 4300005 -1 #SUP: 483
4300000 -1 4300001 -1 4300003 -1 4300004 -1 #SUP: 487
4300000 -1 4300001 -1 4300002 -1 4300004 -1 #SUP: 487
4300000 -1 4300001 -1 4300002 -1 4300003 -1 #SUP: 494
4300000 -1 4300001 -1 4300003 -1 4300004 -1 4300005 -1 #SUP: 483
4300000 -1 4300001 -1 4300002 -1 4300003 -1 4300004 -1 #SUP: 487
4300000 -1 4300001 -1 4300002 -1 4300003 -1 4300005 -1 #SUP: 483
4300000 -1 4300001 -1 4300002 -1 4300003 -1 4300004 -1 4300005 -1 #SUP: 483
4300000 -1 4300001 -1 4300002 -1 4300004 -1 4300005 -1 #SUP: 483
4300000 -1 4300002 -1 4300003 -1 #SUP: 494
4300000 -1 4300002 -1 4300004 -1 #SUP: 487
4300000 -1 4300002 -1 4300005 -1 #SUP: 483
4300000 -1 4300002 -1 4300004 -1 4300005 -1 #SUP: 483
4300000 -1 4300002 -1 4300003 -1 4300005 -1 #SUP: 483
4300000 -1 4300002 -1 4300003 -1 4300004 -1 #SUP: 487
4300000 -1 4300002 -1 4300003 -1 4300004 -1 4300005 -1 #SUP: 483
4300000 -1 4300003 -1 4300004 -1 #SUP: 487
4300000 -1 4300003 -1 4300005 -1 #SUP: 483
4300000 -1 4300003 -1 4300004 -1 4300005 -1 #SUP: 483
4300000 -1 4300004 -1 4300005 -1 #SUP: 483
4140002 -1 4140003 -1 #SUP: 287
4140001 -1 4140003 -1 #SUP: 287
4140000 -1 4140003 -1 #SUP: 287
4140001 -1 4140002 -1 #SUP: 287
4140000 -1 4140002 -1 #SUP: 287
4140000 -1 4140001 -1 #SUP: 290
4140001 -1 4140002 -1 4140003 -1 #SUP: 287
4140000 -1 4140001 -1 4140002 -1 #SUP: 287
4140000 -1 4140001 -1 4140003 -1 #SUP: 287
4140000 -1 4140001 -1 4140002 -1 4140003 -1 #SUP: 287
4140000 -1 4140002 -1 4140003 -1 #SUP: 287
4120001 -1 4120002 -1 #SUP: 296
4120000 -1 4120002 -1 #SUP: 295
4120000 -1 4120001 -1 #SUP: 295
4120000 -1 4120001 -1 4120002 -1 #SUP: 295
3400005 -1 3400006 -1 #SUP: 274
3400004 -1 3400006 -1 #SUP: 274
3400003 -1 3400006 -1 #SUP: 261
3400002 -1 3400006 -1 #SUP: 259
3400001 -1 3400006 -1 #SUP: 258
3400000 -1 3400006 -1 #SUP: 254
3400004 -1 3400005 -1 #SUP: 274
3400003 -1 3400005 -1 #SUP: 261
3400002 -1 3400005 -1 #SUP: 259
3400001 -1 3400005 -1 #SUP: 258
3400000 -1 3400005 -1 #SUP: 254
3400003 -1 3400004 -1 #SUP: 261
3400002 -1 3400004 -1 #SUP: 259
3400001 -1 3400004 -1 #SUP: 258
3400000 -1 3400004 -1 #SUP: 254
3400004 -1 3400005 -1 3400006 -1 #SUP: 274
3400002 -1 3400003 -1 #SUP: 262
3400001 -1 3400003 -1 #SUP: 261
3400000 -1 3400003 -1 #SUP: 257
3400003 -1 3400004 -1 3400005 -1 #SUP: 261
3400003 -1 3400004 -1 3400006 -1 #SUP: 261
3400003 -1 3400004 -1 3400005 -1 3400006 -1 #SUP: 261
3400003 -1 3400005 -1 3400006 -1 #SUP: 261
3400001 -1 3400002 -1 #SUP: 265
3400000 -1 3400002 -1 #SUP: 261
3400002 -1 3400003 -1 3400004 -1 #SUP: 259
3400002 -1 3400003 -1 3400005 -1 #SUP: 259
3400002 -1 3400003 -1 3400006 -1 #SUP: 259
3400002 -1 3400003 -1 3400005 -1 3400006 -1 #SUP: 259
3400002 -1 3400003 -1 3400004 -1 3400006 -1 #SUP: 259
3400002 -1 3400003 -1 3400004 -1 3400005 -1 #SUP: 259
3400002 -1 3400003 -1 3400004 -1 3400005 -1 3400006 -1 #SUP: 259
3400002 -1 3400004 -1 3400005 -1 #SUP: 259
3400002 -1 3400004 -1 3400006 -1 #SUP: 259
3400002 -1 3400004 -1 3400005 -1 3400006 -1 #SUP: 259
3400002 -1 3400005 -1 3400006 -1 #SUP: 259
3400000 -1 3400001 -1 #SUP: 261
3400001 -1 3400002 -1 3400003 -1 #SUP: 261
3400001 -1 3400002 -1 3400004 -1 #SUP: 258
3400001 -1 3400002 -1 3400005 -1 #SUP: 258
3400001 -1 3400002 -1 3400006 -1 #SUP: 258
3400001 -1 3400002 -1 3400005 -1 3400006 -1 #SUP: 258
3400001 -1 3400002 -1 3400004 -1 3400006 -1 #SUP: 258
3400001 -1 3400002 -1 3400003 -1 3400006 -1 #SUP: 258
3400001 -1 3400002 -1 3400004 -1 3400005 -1 #SUP: 258
3400001 -1 3400002 -1 3400003 -1 3400005 -1 #SUP: 258
3400001 -1 3400002 -1 3400003 -1 3400004 -1 #SUP: 258
3400001 -1 3400002 -1 3400004 -1 3400005 -1 3400006 -1 #SUP: 258
3400001 -1 3400002 -1 3400003 -1 3400004 -1 3400005 -1 #SUP: 258
3400001 -1 3400002 -1 3400003 -1 3400004 -1 3400006 -1 #SUP: 258
3400001 -1 3400002 -1 3400003 -1 3400004 -1 3400005 -1 3400006 -1 #SUP: 258
3400001 -1 3400002 -1 3400003 -1 3400005 -1 3400006 -1 #SUP: 258
3400001 -1 3400003 -1 3400004 -1 #SUP: 258
3400001 -1 3400003 -1 3400005 -1 #SUP: 258
3400001 -1 3400003 -1 3400006 -1 #SUP: 258
3400001 -1 3400003 -1 3400005 -1 3400006 -1 #SUP: 258
3400001 -1 3400003 -1 3400004 -1 3400006 -1 #SUP: 258
3400001 -1 3400003 -1 3400004 -1 3400005 -1 #SUP: 258
3400001 -1 3400003 -1 3400004 -1 3400005 -1 3400006 -1 #SUP: 258
3400001 -1 3400004 -1 3400005 -1 #SUP: 258
3400001 -1 3400004 -1 3400006 -1 #SUP: 258
3400001 -1 3400004 -1 3400005 -1 3400006 -1 #SUP: 258
3400001 -1 3400005 -1 3400006 -1 #SUP: 258
3400000 -1 3400001 -1 3400002 -1 #SUP: 261
3400000 -1 3400001 -1 3400003 -1 #SUP: 257
3400000 -1 3400001 -1 3400004 -1 #SUP: 254
3400000 -1 3400001 -1 3400005 -1 #SUP: 254
3400000 -1 3400001 -1 3400006 -1 #SUP: 254
3400000 -1 3400001 -1 3400005 -1 3400006 -1 #SUP: 254
3400000 -1 3400001 -1 3400004 -1 3400006 -1 #SUP: 254
3400000 -1 3400001 -1 3400003 -1 3400006 -1 #SUP: 254
3400000 -1 3400001 -1 3400002 -1 3400006 -1 #SUP: 254
3400000 -1 3400001 -1 3400004 -1 3400005 -1 #SUP: 254
3400000 -1 3400001 -1 3400003 -1 3400005 -1 #SUP: 254
3400000 -1 3400001 -1 3400002 -1 3400005 -1 #SUP: 254
3400000 -1 3400001 -1 3400003 -1 3400004 -1 #SUP: 254
3400000 -1 3400001 -1 3400002 -1 3400004 -1 #SUP: 254
3400000 -1 3400001 -1 3400004 -1 3400005 -1 3400006 -1 #SUP: 254
3400000 -1 3400001 -1 3400002 -1 3400003 -1 #SUP: 257
3400000 -1 3400001 -1 3400003 -1 3400004 -1 3400005 -1 #SUP: 254
3400000 -1 3400001 -1 3400003 -1 3400004 -1 3400006 -1 #SUP: 254
3400000 -1 3400001 -1 3400003 -1 3400004 -1 3400005 -1 3400006 -1 #SUP: 254
3400000 -1 3400001 -1 3400003 -1 3400005 -1 3400006 -1 #SUP: 254
3400000 -1 3400001 -1 3400002 -1 3400003 -1 3400004 -1 #SUP: 254
3400000 -1 3400001 -1 3400002 -1 3400003 -1 3400005 -1 #SUP: 254
3400000 -1 3400001 -1 3400002 -1 3400003 -1 3400006 -1 #SUP: 254
3400000 -1 3400001 -1 3400002 -1 3400003 -1 3400005 -1 3400006 -1 #SUP: 254
3400000 -1 3400001 -1 3400002 -1 3400003 -1 3400004 -1 3400006 -1 #SUP: 254
3400000 -1 3400001 -1 3400002 -1 3400003 -1 3400004 -1 3400005 -1 #SUP: 254
3400000 -1 3400001 -1 3400002 -1 3400003 -1 3400004 -1 3400005 -1 3400006 -1 #SUP: 254
3400000 -1 3400001 -1 3400002 -1 3400004 -1 3400005 -1 #SUP: 254
3400000 -1 3400001 -1 3400002 -1 3400004 -1 3400006 -1 #SUP: 254
3400000 -1 3400001 -1 3400002 -1 3400004 -1 3400005 -1 3400006 -1 #SUP: 254
3400000 -1 3400001 -1 3400002 -1 3400005 -1 3400006 -1 #SUP: 254
3400000 -1 3400002 -1 3400003 -1 #SUP: 257
3400000 -1 3400002 -1 3400004 -1 #SUP: 254
3400000 -1 3400002 -1 3400005 -1 #SUP: 254
3400000 -1 3400002 -1 3400006 -1 #SUP: 254
3400000 -1 3400002 -1 3400005 -1 3400006 -1 #SUP: 254
3400000 -1 3400002 -1 3400004 -1 3400006 -1 #SUP: 254
3400000 -1 3400002 -1 3400003 -1 3400006 -1 #SUP: 254
3400000 -1 3400002 -1 3400004 -1 3400005 -1 #SUP: 254
3400000 -1 3400002 -1 3400003 -1 3400005 -1 #SUP: 254
3400000 -1 3400002 -1 3400003 -1 3400004 -1 #SUP: 254
3400000 -1 3400002 -1 3400004 -1 3400005 -1 3400006 -1 #SUP: 254
3400000 -1 3400002 -1 3400003 -1 3400004 -1 3400005 -1 #SUP: 254
3400000 -1 3400002 -1 3400003 -1 3400004 -1 3400006 -1 #SUP: 254
3400000 -1 3400002 -1 3400003 -1 3400004 -1 3400005 -1 3400006 -1 #SUP: 254
3400000 -1 3400002 -1 3400003 -1 3400005 -1 3400006 -1 #SUP: 254
3400000 -1 3400003 -1 3400004 -1 #SUP: 254
3400000 -1 3400003 -1 3400005 -1 #SUP: 254
3400000 -1 3400003 -1 3400006 -1 #SUP: 254
3400000 -1 3400003 -1 3400005 -1 3400006 -1 #SUP: 254
3400000 -1 3400003 -1 3400004 -1 3400006 -1 #SUP: 254
3400000 -1 3400003 -1 3400004 -1 3400005 -1 #SUP: 254
3400000 -1 3400003 -1 3400004 -1 3400005 -1 3400006 -1 #SUP: 254
3400000 -1 3400004 -1 3400005 -1 #SUP: 254
3400000 -1 3400004 -1 3400006 -1 #SUP: 254
3400000 -1 3400004 -1 3400005 -1 3400006 -1 #SUP: 254
3400000 -1 3400005 -1 3400006 -1 #SUP: 254
3060017 -1 3060018 -1 #SUP: 219
3060016 -1 3060017 -1 #SUP: 254
2990001 -1 2990002 -1 #SUP: 348
2990000 -1 2990002 -1 #SUP: 347
2990000 -1 2990001 -1 #SUP: 347
2990000 -1 2990001 -1 2990002 -1 #SUP: 347
2770002 -1 2770003 -1 #SUP: 614
2770001 -1 2770003 -1 #SUP: 614
2770000 -1 2770003 -1 #SUP: 614
2770001 -1 2770002 -1 #SUP: 618
2770000 -1 2770002 -1 #SUP: 618
2770000 -1 2770001 -1 #SUP: 622
2770001 -1 2770002 -1 2770003 -1 #SUP: 614
2770000 -1 2770001 -1 2770002 -1 #SUP: 618
2770000 -1 2770001 -1 2770003 -1 #SUP: 614
2770000 -1 2770001 -1 2770002 -1 2770003 -1 #SUP: 614
2770000 -1 2770002 -1 2770003 -1 #SUP: 614
2550001 -1 2550002 -1 #SUP: 240
2550000 -1 2550002 -1 #SUP: 240
2550000 -1 2550001 -1 #SUP: 275
2550000 -1 2550001 -1 2550002 -1 #SUP: 240
1540003 -1 1540004 -1 #SUP: 224
1540002 -1 1540004 -1 #SUP: 222
1540001 -1 1540004 -1 #SUP: 221
1540002 -1 1540003 -1 #SUP: 222
1540001 -1 1540003 -1 #SUP: 221
1540001 -1 1540002 -1 #SUP: 221
1540002 -1 1540003 -1 1540004 -1 #SUP: 222
1540001 -1 1540002 -1 1540003 -1 #SUP: 221
1540001 -1 1540002 -1 1540004 -1 #SUP: 221
1540001 -1 1540002 -1 1540003 -1 1540004 -1 #SUP: 221
1540001 -1 1540003 -1 1540004 -1 #SUP: 221
1360001 -1 1360002 -1 #SUP: 304
1360000 -1 1360002 -1 #SUP: 304
1360000 -1 1360001 -1 #SUP: 312
1360000 -1 1360001 -1 1360002 -1 #SUP: 304
1160002 -1 1160003 -1 #SUP: 221
1160001 -1 1160003 -1 #SUP: 221
1160000 -1 1160003 -1 #SUP: 221
1160001 -1 1160002 -1 #SUP: 225
1160000 -1 1160002 -1 #SUP: 225
1160000 -1 1160001 -1 #SUP: 227
1160001 -1 1160002 -1 1160003 -1 #SUP: 221
1160000 -1 1160001 -1 1160002 -1 #SUP: 225
1160000 -1 1160001 -1 1160003 -1 #SUP: 221
1160000 -1 1160001 -1 1160002 -1 1160003 -1 #SUP: 221
1160000 -1 1160002 -1 1160003 -1 #SUP: 221
1030001 -1 1030002 -1 #SUP: 270
1030000 -1 1030002 -1 #SUP: 268
1030000 -1 1030001 -1 #SUP: 273
1030000 -1 1030001 -1 1030002 -1 #SUP: 268
550014 -1 550015 -1 #SUP: 303
550013 -1 550015 -1 #SUP: 303
550012 -1 550015 -1 #SUP: 303
550011 -1 550015 -1 #SUP: 303
550010 -1 550015 -1 #SUP: 303
550009 -1 550015 -1 #SUP: 300
550008 -1 550015 -1 #SUP: 294
550013 -1 550014 -1 #SUP: 306
550012 -1 550014 -1 #SUP: 306
550011 -1 550014 -1 #SUP: 306
550010 -1 550014 -1 #SUP: 306
550009 -1 550014 -1 #SUP: 303
550008 -1 550014 -1 #SUP: 297
550012 -1 550013 -1 #SUP: 308
550011 -1 550013 -1 #SUP: 308
550010 -1 550013 -1 #SUP: 308
550009 -1 550013 -1 #SUP: 305
550008 -1 550013 -1 #SUP: 299
550013 -1 550014 -1 550015 -1 #SUP: 303
550011 -1 550012 -1 #SUP: 309
550010 -1 550012 -1 #SUP: 309
550009 -1 550012 -1 #SUP: 306
550008 -1 550012 -1 #SUP: 300
550012 -1 550013 -1 550014 -1 #SUP: 306
550012 -1 550013 -1 550015 -1 #SUP: 303
550012 -1 550013 -1 550014 -1 550015 -1 #SUP: 303
550012 -1 550014 -1 550015 -1 #SUP: 303
550010 -1 550011 -1 #SUP: 311
550009 -1 550011 -1 #SUP: 308
550008 -1 550011 -1 #SUP: 302
550011 -1 550012 -1 550013 -1 #SUP: 308
550011 -1 550012 -1 550014 -1 #SUP: 306
550011 -1 550012 -1 550015 -1 #SUP: 303
550011 -1 550012 -1 550014 -1 550015 -1 #SUP: 303
550011 -1 550012 -1 550013 -1 550015 -1 #SUP: 303
550011 -1 550012 -1 550013 -1 550014 -1 #SUP: 306
550011 -1 550012 -1 550013 -1 550014 -1 550015 -1 #SUP: 303
550011 -1 550013 -1 550014 -1 #SUP: 306
550011 -1 550013 -1 550015 -1 #SUP: 303
550011 -1 550013 -1 550014 -1 550015 -1 #SUP: 303
550011 -1 550014 -1 550015 -1 #SUP: 303
550009 -1 550010 -1 #SUP: 309
550008 -1 550010 -1 #SUP: 303
550010 -1 550011 -1 550012 -1 #SUP: 309
550010 -1 550011 -1 550013 -1 #SUP: 308
550010 -1 550011 -1 550014 -1 #SUP: 306
550010 -1 550011 -1 550015 -1 #SUP: 303
550010 -1 550011 -1 550014 -1 550015 -1 #SUP: 303
550010 -1 550011 -1 550013 -1 550015 -1 #SUP: 303
550010 -1 550011 -1 550012 -1 550015 -1 #SUP: 303
550010 -1 550011 -1 550013 -1 550014 -1 #SUP: 306
550010 -1 550011 -1 550012 -1 550014 -1 #SUP: 306
550010 -1 550011 -1 550012 -1 550013 -1 #SUP: 308
550010 -1 550011 -1 550013 -1 550014 -1 550015 -1 #SUP: 303
550010 -1 550011 -1 550012 -1 550013 -1 550014 -1 #SUP: 306
550010 -1 550011 -1 550012 -1 550013 -1 550015 -1 #SUP: 303
550010 -1 550011 -1 550012 -1 550013 -1 550014 -1 550015 -1 #SUP: 303
550010 -1 550011 -1 550012 -1 550014 -1 550015 -1 #SUP: 303
550010 -1 550012 -1 550013 -1 #SUP: 308
550010 -1 550012 -1 550014 -1 #SUP: 306
550010 -1 550012 -1 550015 -1 #SUP: 303
550010 -1 550012 -1 550014 -1 550015 -1 #SUP: 303
550010 -1 550012 -1 550013 -1 550015 -1 #SUP: 303
550010 -1 550012 -1 550013 -1 550014 -1 #SUP: 306
550010 -1 550012 -1 550013 -1 550014 -1 550015 -1 #SUP: 303
550010 -1 550013 -1 550014 -1 #SUP: 306
550010 -1 550013 -1 550015 -1 #SUP: 303
550010 -1 550013 -1 550014 -1 550015 -1 #SUP: 303
550010 -1 550014 -1 550015 -1 #SUP: 303
550008 -1 550009 -1 #SUP: 303
550009 -1 550010 -1 550011 -1 #SUP: 308
550009 -1 550010 -1 550012 -1 #SUP: 306
550009 -1 550010 -1 550013 -1 #SUP: 305
550009 -1 550010 -1 550014 -1 #SUP: 303
550009 -1 550010 -1 550015 -1 #SUP: 300
550009 -1 550010 -1 550014 -1 550015 -1 #SUP: 300
550009 -1 550010 -1 550013 -1 550015 -1 #SUP: 300
550009 -1 550010 -1 550012 -1 550015 -1 #SUP: 300
550009 -1 550010 -1 550011 -1 550015 -1 #SUP: 300
550009 -1 550010 -1 550013 -1 550014 -1 #SUP: 303
550009 -1 550010 -1 550012 -1 550014 -1 #SUP: 303
550009 -1 550010 -1 550011 -1 550014 -1 #SUP: 303
550009 -1 550010 -1 550012 -1 550013 -1 #SUP: 305
550009 -1 550010 -1 550011 -1 550013 -1 #SUP: 305
550009 -1 550010 -1 550013 -1 550014 -1 550015 -1 #SUP: 300
550009 -1 550010 -1 550011 -1 550012 -1 #SUP: 306
550009 -1 550010 -1 550012 -1 550013 -1 550014 -1 #SUP: 303
550009 -1 550010 -1 550012 -1 550013 -1 550015 -1 #SUP: 300
550009 -1 550010 -1 550012 -1 550013 -1 550014 -1 550015 -1 #SUP: 300
550009 -1 550010 -1 550012 -1 550014 -1 550015 -1 #SUP: 300
550009 -1 550010 -1 550011 -1 550012 -1 550013 -1 #SUP: 305
550009 -1 550010 -1 550011 -1 550012 -1 550014 -1 #SUP: 303
550009 -1 550010 -1 550011 -1 550012 -1 550015 -1 #SUP: 300
550009 -1 550010 -1 550011 -1 550012 -1 550014 -1 550015 -1 #SUP: 300
550009 -1 550010 -1 550011 -1 550012 -1 550013 -1 550015 -1 #SUP: 300
550009 -1 550010 -1 550011 -1 550012 -1 550013 -1 550014 -1 #SUP: 303
550009 -1 550010 -1 550011 -1 550012 -1 550013 -1 550014 -1 550015 -1 #SUP: 300
550009 -1 550010 -1 550011 -1 550013 -1 550014 -1 #SUP: 303
550009 -1 550010 -1 550011 -1 550013 -1 550015 -1 #SUP: 300
550009 -1 550010 -1 550011 -1 550013 -1 550014 -1 550015 -1 #SUP: 300
550009 -1 550010 -1 550011 -1 550014 -1 550015 -1 #SUP: 300
550009 -1 550011 -1 550012 -1 #SUP: 306
550009 -1 550011 -1 550013 -1 #SUP: 305
550009 -1 550011 -1 550014 -1 #SUP: 303
550009 -1 550011 -1 550015 -1 #SUP: 300
550009 -1 550011 -1 550014 -1 550015 -1 #SUP: 300
550009 -1 550011 -1 550013 -1 550015 -1 #SUP: 300
550009 -1 550011 -1 550012 -1 550015 -1 #SUP: 300
550009 -1 550011 -1 550013 -1 550014 -1 #SUP: 303
550009 -1 550011 -1 550012 -1 550014 -1 #SUP: 303
550009 -1 550011 -1 550012 -1 550013 -1 #SUP: 305
550009 -1 550011 -1 550013 -1 550014 -1 550015 -1 #SUP: 300
550009 -1 550011 -1 550012 -1 550013 -1 550014 -1 #SUP: 303
550009 -1 550011 -1 550012 -1 550013 -1 550015 -1 #SUP: 300
550009 -1 550011 -1 550012 -1 550013 -1 550014 -1 550015 -1 #SUP: 300
550009 -1 550011 -1 550012 -1 550014 -1 550015 -1 #SUP: 300
550009 -1 550012 -1 550013 -1 #SUP: 305
550009 -1 550012 -1 550014 -1 #SUP: 303
550009 -1 550012 -1 550015 -1 #SUP: 300
550009 -1 550012 -1 550014 -1 550015 -1 #SUP: 300
550009 -1 550012 -1 550013 -1 550015 -1 #SUP: 300
550009 -1 550012 -1 550013 -1 550014 -1 #SUP: 303
550009 -1 550012 -1 550013 -1 550014 -1 550015 -1 #SUP: 300
550009 -1 550013 -1 550014 -1 #SUP: 303
550009 -1 550013 -1 550015 -1 #SUP: 300
550009 -1 550013 -1 550014 -1 550015 -1 #SUP: 300
550009 -1 550014 -1 550015 -1 #SUP: 300
550007 -1 550008 -1 #SUP: 234
550006 -1 550008 -1 #SUP: 232
550005 -1 550008 -1 #SUP: 231
550004 -1 550008 -1 #SUP: 230
550003 -1 550008 -1 #SUP: 221
550002 -1 550008 -1 #SUP: 221
550008 -1 550009 -1 550010 -1 #SUP: 303
550008 -1 550009 -1 550011 -1 #SUP: 302
550008 -1 550009 -1 550012 -1 #SUP: 300
550008 -1 550009 -1 550013 -1 #SUP: 299
550008 -1 550009 -1 550014 -1 #SUP: 297
550008 -1 550009 -1 550015 -1 #SUP: 294
550008 -1 550009 -1 550014 -1 550015 -1 #SUP: 294
550008 -1 550009 -1 550013 -1 550015 -1 #SUP: 294
550008 -1 550009 -1 550012 -1 550015 -1 #SUP: 294
550008 -1 550009 -1 550011 -1 550015 -1 #SUP: 294
550008 -1 550009 -1 550010 -1 550015 -1 #SUP: 294
550008 -1 550009 -1 550013 -1 550014 -1 #SUP: 297
550008 -1 550009 -1 550012 -1 550014 -1 #SUP: 297
550008 -1 550009 -1 550011 -1 550014 -1 #SUP: 297
550008 -1 550009 -1 550010 -1 550014 -1 #SUP: 297
550008 -1 550009 -1 550012 -1 550013 -1 #SUP: 299
550008 -1 550009 -1 550011 -1 550013 -1 #SUP: 299
550008 -1 550009 -1 550010 -1 550013 -1 #SUP: 299
550008 -1 550009 -1 550013 -1 550014 -1 550015 -1 #SUP: 294
550008 -1 550009 -1 550011 -1 550012 -1 #SUP: 300
550008 -1 550009 -1 550010 -1 550012 -1 #SUP: 300
550008 -1 550009 -1 550012 -1 550013 -1 550014 -1 #SUP: 297
550008 -1 550009 -1 550012 -1 550013 -1 550015 -1 #SUP: 294
550008 -1 550009 -1 550012 -1 550013 -1 550014 -1 550015 -1 #SUP: 294
550008 -1 550009 -1 550012 -1 550014 -1 550015 -1 #SUP: 294
550008 -1 550009 -1 550010 -1 550011 -1 #SUP: 302
550008 -1 550009 -1 550011 -1 550012 -1 550013 -1 #SUP: 299
550008 -1 550009 -1 550011 -1 550012 -1 550014 -1 #SUP: 297
550008 -1 550009 -1 550011 -1 550012 -1 550015 -1 #SUP: 294
550008 -1 550009 -1 550011 -1 550012 -1 550014 -1 550015 -1 #SUP: 294
550008 -1 550009 -1 550011 -1 550012 -1 550013 -1 550015 -1 #SUP: 294
550008 -1 550009 -1 550011 -1 550012 -1 550013 -1 550014 -1 #SUP: 297
550008 -1 550009 -1 550011 -1 550012 -1 550013 -1 550014 -1 550015 -1 #SUP: 294
550008 -1 550009 -1 550011 -1 550013 -1 550014 -1 #SUP: 297
550008 -1 550009 -1 550011 -1 550013 -1 550015 -1 #SUP: 294
550008 -1 550009 -1 550011 -1 550013 -1 550014 -1 550015 -1 #SUP: 294
550008 -1 550009 -1 550011 -1 550014 -1 550015 -1 #SUP: 294
550008 -1 550009 -1 550010 -1 550011 -1 550012 -1 #SUP: 300
550008 -1 550009 -1 550010 -1 550011 -1 550013 -1 #SUP: 299
550008 -1 550009 -1 550010 -1 550011 -1 550014 -1 #SUP: 297
550008 -1 550009 -1 550010 -1 550011 -1 550015 -1 #SUP: 294
550008 -1 550009 -1 550010 -1 550011 -1 550014 -1 550015 -1 #SUP: 294
550008 -1 550009 -1 550010 -1 550011 -1 550013 -1 550015 -1 #SUP: 294
550008 -1 550009 -1 550010 -1 550011 -1 550012 -1 550015 -1 #SUP: 294
550008 -1 550009 -1 550010 -1 550011 -1 550013 -1 550014 -1 #SUP: 297
550008 -1 550009 -1 550010 -1 550011 -1 550012 -1 550014 -1 #SUP: 297
550008 -1 550009 -1 550010 -1 550011 -1 550012 -1 550013 -1 #SUP: 299
550008 -1 550009 -1 550010 -1 550011 -1 550013 -1 550014 -1 550015 -1 #SUP: 294
550008 -1 550009 -1 550010 -1 550011 -1 550012 -1 550013 -1 550014 -1 #SUP: 297
550008 -1 550009 -1 550010 -1 550011 -1 550012 -1 550013 -1 550015 -1 #SUP: 294
550008 -1 550009 -1 550010 -1 550011 -1 550012 -1 550013 -1 550014 -1 550015 -1 #SUP: 294
550008 -1 550009 -1 550010 -1 550011 -1 550012 -1 550014 -1 550015 -1 #SUP: 294
550008 -1 550009 -1 550010 -1 550012 -1 550013 -1 #SUP: 299
550008 -1 550009 -1 550010 -1 550012 -1 550014 -1 #SUP: 297
550008 -1 550009 -1 550010 -1 550012 -1 550015 -1 #SUP: 294
550008 -1 550009 -1 550010 -1 550012 -1 550014 -1 550015 -1 #SUP: 294
550008 -1 550009 -1 550010 -1 550012 -1 550013 -1 550015 -1 #SUP: 294
550008 -1 550009 -1 550010 -1 550012 -1 550013 -1 550014 -1 #SUP: 297
550008 -1 550009 -1 550010 -1 550012 -1 550013 -1 550014 -1 550015 -1 #SUP: 294
550008 -1 550009 -1 550010 -1 550013 -1 550014 -1 #SUP: 297
550008 -1 550009 -1 550010 -1 550013 -1 550015 -1 #SUP: 294
550008 -1 550009 -1 550010 -1 550013 -1 550014 -1 550015 -1 #SUP: 294
550008 -1 550009 -1 550010 -1 550014 -1 550015 -1 #SUP: 294
550008 -1 550010 -1 550011 -1 #SUP: 302
550008 -1 550010 -1 550012 -1 #SUP: 300
550008 -1 550010 -1 550013 -1 #SUP: 299
550008 -1 550010 -1 550014 -1 #SUP: 297
550008 -1 550010 -1 550015 -1 #SUP: 294
550008 -1 550010 -1 550014 -1 550015 -1 #SUP: 294
550008 -1 550010 -1 550013 -1 550015 -1 #SUP: 294
550008 -1 550010 -1 550012 -1 550015 -1 #SUP: 294
550008 -1 550010 -1 550011 -1 550015 -1 #SUP: 294
550008 -1 550010 -1 550013 -1 550014 -1 #SUP: 297
550008 -1 550010 -1 550012 -1 550014 -1 #SUP: 297
550008 -1 550010 -1 550011 -1 550014 -1 #SUP: 297
550008 -1 550010 -1 550012 -1 550013 -1 #SUP: 299
550008 -1 550010 -1 550011 -1 550013 -1 #SUP: 299
550008 -1 550010 -1 550013 -1 550014 -1 550015 -1 #SUP: 294
550008 -1 550010 -1 550011 -1 550012 -1 #SUP: 300
550008 -1 550010 -1 550012 -1 550013 -1 550014 -1 #SUP: 297
550008 -1 550010 -1 550012 -1 550013 -1 550015 -1 #SUP: 294
550008 -1 550010 -1 550012 -1 550013 -1 550014 -1 550015 -1 #SUP: 294
550008 -1 550010 -1 550012 -1 550014 -1 550015 -1 #SUP: 294
550008 -1 550010 -1 550011 -1 550012 -1 550013 -1 #SUP: 299
550008 -1 550010 -1 550011 -1 550012 -1 550014 -1 #SUP: 297
550008 -1 550010 -1 550011 -1 550012 -1 550015 -1 #SUP: 294
550008 -1 550010 -1 550011 -1 550012 -1 550014 -1 550015 -1 #SUP: 294
550008 -1 550010 -1 550011 -1 550012 -1 550013 -1 550015 -1 #SUP: 294
550008 -1 550010 -1 550011 -1 550012 -1 550013 -1 550014 -1 #SUP: 297
550008 -1 550010 -1 550011 -1 550012 -1 550013 -1 550014 -1 550015 -1 #SUP: 294
550008 -1 550010 -1 550011 -1 550013 -1 550014 -1 #SUP: 297
550008 -1 550010 -1 550011 -1 550013 -1 550015 -1 #SUP: 294
550008 -1 550010 -1 550011 -1 550013 -1 550014 -1 550015 -1 #SUP: 294
550008 -1 550010 -1 550011 -1 550014 -1 550015 -1 #SUP: 294
550008 -1 550011 -1 550012 -1 #SUP: 300
550008 -1 550011 -1 550013 -1 #SUP: 299
550008 -1 550011 -1 550014 -1 #SUP: 297
550008 -1 550011 -1 550015 -1 #SUP: 294
550008 -1 550011 -1 550014 -1 550015 -1 #SUP: 294
550008 -1 550011 -1 550013 -1 550015 -1 #SUP: 294
550008 -1 550011 -1 550012 -1 550015 -1 #SUP: 294
550008 -1 550011 -1 550013 -1 550014 -1 #SUP: 297
550008 -1 550011 -1 550012 -1 550014 -1 #SUP: 297
550008 -1 550011 -1 550012 -1 550013 -1 #SUP: 299
550008 -1 550011 -1 550013 -1 550014 -1 550015 -1 #SUP: 294
550008 -1 550011 -1 550012 -1 550013 -1 550014 -1 #SUP: 297
550008 -1 550011 -1 550012 -1 550013 -1 550015 -1 #SUP: 294
550008 -1 550011 -1 550012 -1 550013 -1 550014 -1 550015 -1 #SUP: 294
550008 -1 550011 -1 550012 -1 550014 -1 550015 -1 #SUP: 294
550008 -1 550012 -1 550013 -1 #SUP: 299
550008 -1 550012 -1 550014 -1 #SUP: 297
550008 -1 550012 -1 550015 -1 #SUP: 294
550008 -1 550012 -1 550014 -1 550015 -1 #SUP: 294
550008 -1 550012 -1 550013 -1 550015 -1 #SUP: 294
550008 -1 550012 -1 550013 -1 550014 -1 #SUP: 297
550008 -1 550012 -1 550013 -1 550014 -1 550015 -1 #SUP: 294
550008 -1 550013 -1 550014 -1 #SUP: 297
550008 -1 550013 -1 550015 -1 #SUP: 294
550008 -1 550013 -1 550014 -1 550015 -1 #SUP: 294
550008 -1 550014 -1 550015 -1 #SUP: 294
550006 -1 550007 -1 #SUP: 232
550005 -1 550007 -1 #SUP: 231
550004 -1 550007 -1 #SUP: 230
550003 -1 550007 -1 #SUP: 221
550002 -1 550007 -1 #SUP: 221
550005 -1 550006 -1 #SUP: 232
550004 -1 550006 -1 #SUP: 231
550003 -1 550006 -1 #SUP: 222
550002 -1 550006 -1 #SUP: 222
550006 -1 550007 -1 550008 -1 #SUP: 232
550004 -1 550005 -1 #SUP: 231
550003 -1 550005 -1 #SUP: 222
550002 -1 550005 -1 #SUP: 222
550005 -1 550006 -1 550007 -1 #SUP: 231
550005 -1 550006 -1 550008 -1 #SUP: 231
550005 -1 550006 -1 550007 -1 550008 -1 #SUP: 231
550005 -1 550007 -1 550008 -1 #SUP: 231
550003 -1 550004 -1 #SUP: 222
550002 -1 550004 -1 #SUP: 222
550004 -1 550005 -1 550006 -1 #SUP: 231
550004 -1 550005 -1 550007 -1 #SUP: 230
550004 -1 550005 -1 550008 -1 #SUP: 230
550004 -1 550005 -1 550007 -1 550008 -1 #SUP: 230
550004 -1 550005 -1 550006 -1 550008 -1 #SUP: 230
550004 -1 550005 -1 550006 -1 550007 -1 #SUP: 230
550004 -1 550005 -1 550006 -1 550007 -1 550008 -1 #SUP: 230
550004 -1 550006 -1 550007 -1 #SUP: 230
550004 -1 550006 -1 550008 -1 #SUP: 230
550004 -1 550006 -1 550007 -1 550008 -1 #SUP: 230
550004 -1 550007 -1 550008 -1 #SUP: 230
550002 -1 550003 -1 #SUP: 224
550001 -1 550003 -1 #SUP: 220
550003 -1 550004 -1 550005 -1 #SUP: 222
550003 -1 550004 -1 550006 -1 #SUP: 222
550003 -1 550004 -1 550007 -1 #SUP: 221
550003 -1 550004 -1 550008 -1 #SUP: 221
550003 -1 550004 -1 550007 -1 550008 -1 #SUP: 221
550003 -1 550004 -1 550006 -1 550008 -1 #SUP: 221
550003 -1 550004 -1 550005 -1 550008 -1 #SUP: 221
550003 -1 550004 -1 550006 -1 550007 -1 #SUP: 221
550003 -1 550004 -1 550005 -1 550007 -1 #SUP: 221
550003 -1 550004 -1 550005 -1 550006 -1 #SUP: 222
550003 -1 550004 -1 550006 -1 550007 -1 550008 -1 #SUP: 221
550003 -1 550004 -1 550005 -1 550006 -1 550007 -1 #SUP: 221
550003 -1 550004 -1 550005 -1 550006 -1 550008 -1 #SUP: 221
550003 -1 550004 -1 550005 -1 550006 -1 550007 -1 550008 -1 #SUP: 221
550003 -1 550004 -1 550005 -1 550007 -1 550008 -1 #SUP: 221
550003 -1 550005 -1 550006 -1 #SUP: 222
550003 -1 550005 -1 550007 -1 #SUP: 221
550003 -1 550005 -1 550008 -1 #SUP: 221
550003 -1 550005 -1 550007 -1 550008 -1 #SUP: 221
550003 -1 550005 -1 550006 -1 550008 -1 #SUP: 221
550003 -1 550005 -1 550006 -1 550007 -1 #SUP: 221
550003 -1 550005 -1 550006 -1 550007 -1 550008 -1 #SUP: 221
550003 -1 550006 -1 550007 -1 #SUP: 221
550003 -1 550006 -1 550008 -1 #SUP: 221
550003 -1 550006 -1 550007 -1 550008 -1 #SUP: 221
550003 -1 550007 -1 550008 -1 #SUP: 221
550001 -1 550002 -1 #SUP: 220
550002 -1 550003 -1 550004 -1 #SUP: 222
550002 -1 550003 -1 550005 -1 #SUP: 222
550002 -1 550003 -1 550006 -1 #SUP: 222
550002 -1 550003 -1 550007 -1 #SUP: 221
550002 -1 550003 -1 550008 -1 #SUP: 221
550002 -1 550003 -1 550007 -1 550008 -1 #SUP: 221
550002 -1 550003 -1 550006 -1 550008 -1 #SUP: 221
550002 -1 550003 -1 550005 -1 550008 -1 #SUP: 221
550002 -1 550003 -1 550004 -1 550008 -1 #SUP: 221
550002 -1 550003 -1 550006 -1 550007 -1 #SUP: 221
550002 -1 550003 -1 550005 -1 550007 -1 #SUP: 221
550002 -1 550003 -1 550004 -1 550007 -1 #SUP: 221
550002 -1 550003 -1 550005 -1 550006 -1 #SUP: 222
550002 -1 550003 -1 550004 -1 550006 -1 #SUP: 222
550002 -1 550003 -1 550006 -1 550007 -1 550008 -1 #SUP: 221
550002 -1 550003 -1 550004 -1 550005 -1 #SUP: 222
550002 -1 550003 -1 550005 -1 550006 -1 550007 -1 #SUP: 221
550002 -1 550003 -1 550005 -1 550006 -1 550008 -1 #SUP: 221
550002 -1 550003 -1 550005 -1 550006 -1 550007 -1 550008 -1 #SUP: 221
550002 -1 550003 -1 550005 -1 550007 -1 550008 -1 #SUP: 221
550002 -1 550003 -1 550004 -1 550005 -1 550006 -1 #SUP: 222
550002 -1 550003 -1 550004 -1 550005 -1 550007 -1 #SUP: 221
550002 -1 550003 -1 550004 -1 550005 -1 550008 -1 #SUP: 221
550002 -1 550003 -1 550004 -1 550005 -1 550007 -1 550008 -1 #SUP: 221
550002 -1 550003 -1 550004 -1 550005 -1 550006 -1 550008 -1 #SUP: 221
550002 -1 550003 -1 550004 -1 550005 -1 550006 -1 550007 -1 #SUP: 221
550002 -1 550003 -1 550004 -1 550005 -1 550006 -1 550007 -1 550008 -1 #SUP: 221
550002 -1 550003 -1 550004 -1 550006 -1 550007 -1 #SUP: 221
550002 -1 550003 -1 550004 -1 550006 -1 550008 -1 #SUP: 221
550002 -1 550003 -1 550004 -1 550006 -1 550007 -1 550008 -1 #SUP: 221
550002 -1 550003 -1 550004 -1 550007 -1 550008 -1 #SUP: 221
550002 -1 550004 -1 550005 -1 #SUP: 222
550002 -1 550004 -1 550006 -1 #SUP: 222
550002 -1 550004 -1 550007 -1 #SUP: 221
550002 -1 550004 -1 550008 -1 #SUP: 221
550002 -1 550004 -1 550007 -1 550008 -1 #SUP: 221
550002 -1 550004 -1 550006 -1 550008 -1 #SUP: 221
550002 -1 550004 -1 550005 -1 550008 -1 #SUP: 221
550002 -1 550004 -1 550006 -1 550007 -1 #SUP: 221
550002 -1 550004 -1 550005 -1 550007 -1 #SUP: 221
550002 -1 550004 -1 550005 -1 550006 -1 #SUP: 222
550002 -1 550004 -1 550006 -1 550007 -1 550008 -1 #SUP: 221
550002 -1 550004 -1 550005 -1 550006 -1 550007 -1 #SUP: 221
550002 -1 550004 -1 550005 -1 550006 -1 550008 -1 #SUP: 221
550002 -1 550004 -1 550005 -1 550006 -1 550007 -1 550008 -1 #SUP: 221
550002 -1 550004 -1 550005 -1 550007 -1 550008 -1 #SUP: 221
550002 -1 550005 -1 550006 -1 #SUP: 222
550002 -1 550005 -1 550007 -1 #SUP: 221
550002 -1 550005 -1 550008 -1 #SUP: 221
550002 -1 550005 -1 550007 -1 550008 -1 #SUP: 221
550002 -1 550005 -1 550006 -1 550008 -1 #SUP: 221
550002 -1 550005 -1 550006 -1 550007 -1 #SUP: 221
550002 -1 550005 -1 550006 -1 550007 -1 550008 -1 #SUP: 221
550002 -1 550006 -1 550007 -1 #SUP: 221
550002 -1 550006 -1 550008 -1 #SUP: 221
550002 -1 550006 -1 550007 -1 550008 -1 #SUP: 221
550002 -1 550007 -1 550008 -1 #SUP: 221
550001 -1 550002 -1 550003 -1 #SUP: 220
220006 -1 220007 -1 #SUP: 410
220005 -1 220007 -1 #SUP: 408
220004 -1 220007 -1 #SUP: 408
220003 -1 220007 -1 #SUP: 318
220002 -1 220007 -1 #SUP: 314
220001 -1 220007 -1 #SUP: 281
220000 -1 220007 -1 #SUP: 238
220005 -1 220006 -1 #SUP: 435
220004 -1 220006 -1 #SUP: 435
220003 -1 220006 -1 #SUP: 339
220002 -1 220006 -1 #SUP: 335
220001 -1 220006 -1 #SUP: 300
220000 -1 220006 -1 #SUP: 252
220004 -1 220005 -1 #SUP: 455
220003 -1 220005 -1 #SUP: 359
220002 -1 220005 -1 #SUP: 355
220001 -1 220005 -1 #SUP: 314
220000 -1 220005 -1 #SUP: 266
220005 -1 220006 -1 220007 -1 #SUP: 408
220003 -1 220004 -1 #SUP: 371
220002 -1 220004 -1 #SUP: 367
220001 -1 220004 -1 #SUP: 326
220000 -1 220004 -1 #SUP: 275
220004 -1 220005 -1 220006 -1 #SUP: 435
220004 -1 220005 -1 220007 -1 #SUP: 408
220004 -1 220005 -1 220006 -1 220007 -1 #SUP: 408
220004 -1 220006 -1 220007 -1 #SUP: 408
220002 -1 220003 -1 #SUP: 367
220001 -1 220003 -1 #SUP: 326
220000 -1 220003 -1 #SUP: 275
220003 -1 220004 -1 220005 -1 #SUP: 359
220003 -1 220004 -1 220006 -1 #SUP: 339
220003 -1 220004 -1 220007 -1 #SUP: 318
220003 -1 220004 -1 220006 -1 220007 -1 #SUP: 318
220003 -1 220004 -1 220005 -1 220007 -1 #SUP: 318
220003 -1 220004 -1 220005 -1 220006 -1 #SUP: 339
220003 -1 220004 -1 220005 -1 220006 -1 220007 -1 #SUP: 318
220003 -1 220005 -1 220006 -1 #SUP: 339
220003 -1 220005 -1 220007 -1 #SUP: 318
220003 -1 220005 -1 220006 -1 220007 -1 #SUP: 318
220003 -1 220006 -1 220007 -1 #SUP: 318
220001 -1 220002 -1 #SUP: 352
220000 -1 220002 -1 #SUP: 301
220002 -1 220003 -1 220004 -1 #SUP: 367
220002 -1 220003 -1 220005 -1 #SUP: 355
220002 -1 220003 -1 220006 -1 #SUP: 335
220002 -1 220003 -1 220007 -1 #SUP: 314
220002 -1 220003 -1 220006 -1 220007 -1 #SUP: 314
220002 -1 220003 -1 220005 -1 220007 -1 #SUP: 314
220002 -1 220003 -1 220004 -1 220007 -1 #SUP: 314
220002 -1 220003 -1 220005 -1 220006 -1 #SUP: 335
220002 -1 220003 -1 220004 -1 220006 -1 #SUP: 335
220002 -1 220003 -1 220004 -1 220005 -1 #SUP: 355
220002 -1 220003 -1 220005 -1 220006 -1 220007 -1 #SUP: 314
220002 -1 220003 -1 220004 -1 220005 -1 220006 -1 #SUP: 335
220002 -1 220003 -1 220004 -1 220005 -1 220007 -1 #SUP: 314
220002 -1 220003 -1 220004 -1 220005 -1 220006 -1 220007 -1 #SUP: 314
220002 -1 220003 -1 220004 -1 220006 -1 220007 -1 #SUP: 314
220002 -1 220004 -1 220005 -1 #SUP: 355
220002 -1 220004 -1 220006 -1 #SUP: 335
220002 -1 220004 -1 220007 -1 #SUP: 314
220002 -1 220004 -1 220006 -1 220007 -1 #SUP: 314
220002 -1 220004 -1 220005 -1 220007 -1 #SUP: 314
220002 -1 220004 -1 220005 -1 220006 -1 #SUP: 335
220002 -1 220004 -1 220005 -1 220006 -1 220007 -1 #SUP: 314
220002 -1 220005 -1 220006 -1 #SUP: 335
220002 -1 220005 -1 220007 -1 #SUP: 314
220002 -1 220005 -1 220006 -1 220007 -1 #SUP: 314
220002 -1 220006 -1 220007 -1 #SUP: 314
220000 -1 220001 -1 #SUP: 327
220001 -1 220002 -1 220003 -1 #SUP: 326
220001 -1 220002 -1 220004 -1 #SUP: 326
220001 -1 220002 -1 220005 -1 #SUP: 314
220001 -1 220002 -1 220006 -1 #SUP: 300
220001 -1 220002 -1 220007 -1 #SUP: 281
220001 -1 220002 -1 220006 -1 220007 -1 #SUP: 281
220001 -1 220002 -1 220005 -1 220007 -1 #SUP: 281
220001 -1 220002 -1 220004 -1 220007 -1 #SUP: 281
220001 -1 220002 -1 220003 -1 220007 -1 #SUP: 281
220001 -1 220002 -1 220005 -1 220006 -1 #SUP: 300
220001 -1 220002 -1 220004 -1 220006 -1 #SUP: 300
220001 -1 220002 -1 220003 -1 220006 -1 #SUP: 300
220001 -1 220002 -1 220004 -1 220005 -1 #SUP: 314
220001 -1 220002 -1 220003 -1 220005 -1 #SUP: 314
220001 -1 220002 -1 220005 -1 220006 -1 220007 -1 #SUP: 281
220001 -1 220002 -1 220003 -1 220004 -1 #SUP: 326
220001 -1 220002 -1 220004 -1 220005 -1 220006 -1 #SUP: 300
220001 -1 220002 -1 220004 -1 220005 -1 220007 -1 #SUP: 281
220001 -1 220002 -1 220004 -1 220005 -1 220006 -1 220007 -1 #SUP: 281
220001 -1 220002 -1 220004 -1 220006 -1 220007 -1 #SUP: 281
220001 -1 220002 -1 220003 -1 220004 -1 220005 -1 #SUP: 314
220001 -1 220002 -1 220003 -1 220004 -1 220006 -1 #SUP: 300
220001 -1 220002 -1 220003 -1 220004 -1 220007 -1 #SUP: 281
220001 -1 220002 -1 220003 -1 220004 -1 220006 -1 220007 -1 #SUP: 281
220001 -1 220002 -1 220003 -1 220004 -1 220005 -1 220007 -1 #SUP: 281
220001 -1 220002 -1 220003 -1 220004 -1 220005 -1 220006 -1 #SUP: 300
220001 -1 220002 -1 220003 -1 220004 -1 220005 -1 220006 -1 220007 -1 #SUP: 281
220001 -1 220002 -1 220003 -1 220005 -1 220006 -1 #SUP: 300
220001 -1 220002 -1 220003 -1 220005 -1 220007 -1 #SUP: 281
220001 -1 220002 -1 220003 -1 220005 -1 220006 -1 220007 -1 #SUP: 281
220001 -1 220002 -1 220003 -1 220006 -1 220007 -1 #SUP: 281
220001 -1 220003 -1 220004 -1 #SUP: 326
220001 -1 220003 -1 220005 -1 #SUP: 314
220001 -1 220003 -1 220006 -1 #SUP: 300
220001 -1 220003 -1 220007 -1 #SUP: 281
220001 -1 220003 -1 220006 -1 220007 -1 #SUP: 281
220001 -1 220003 -1 220005 -1 220007 -1 #SUP: 281
220001 -1 220003 -1 220004 -1 220007 -1 #SUP: 281
220001 -1 220003 -1 220005 -1 220006 -1 #SUP: 300
220001 -1 220003 -1 220004 -1 220006 -1 #SUP: 300
220001 -1 220003 -1 220004 -1 220005 -1 #SUP: 314
220001 -1 220003 -1 220005 -1 220006 -1 220007 -1 #SUP: 281
220001 -1 220003 -1 220004 -1 220005 -1 220006 -1 #SUP: 300
220001 -1 220003 -1 220004 -1 220005 -1 220007 -1 #SUP: 281
220001 -1 220003 -1 220004 -1 220005 -1 220006 -1 220007 -1 #SUP: 281
220001 -1 220003 -1 220004 -1 220006 -1 220007 -1 #SUP: 281
220001 -1 220004 -1 220005 -1 #SUP: 314
220001 -1 220004 -1 220006 -1 #SUP: 300
220001 -1 220004 -1 220007 -1 #SUP: 281
220001 -1 220004 -1 220006 -1 220007 -1 #SUP: 281
220001 -1 220004 -1 220005 -1 220007 -1 #SUP: 281
220001 -1 220004 -1 220005 -1 220006 -1 #SUP: 300
220001 -1 220004 -1 220005 -1 220006 -1 220007 -1 #SUP: 281
220001 -1 220005 -1 220006 -1 #SUP: 300
220001 -1 220005 -1 220007 -1 #SUP: 281
220001 -1 220005 -1 220006 -1 220007 -1 #SUP: 281
220001 -1 220006 -1 220007 -1 #SUP: 281
220000 -1 220001 -1 220002 -1 #SUP: 301
220000 -1 220001 -1 220003 -1 #SUP: 275
220000 -1 220001 -1 220004 -1 #SUP: 275
220000 -1 220001 -1 220005 -1 #SUP: 266
220000 -1 220001 -1 220006 -1 #SUP: 252
220000 -1 220001 -1 220007 -1 #SUP: 238
220000 -1 220001 -1 220006 -1 220007 -1 #SUP: 238
220000 -1 220001 -1 220005 -1 220007 -1 #SUP: 238
220000 -1 220001 -1 220004 -1 220007 -1 #SUP: 238
220000 -1 220001 -1 220003 -1 220007 -1 #SUP: 238
220000 -1 220001 -1 220002 -1 220007 -1 #SUP: 238
220000 -1 220001 -1 220005 -1 220006 -1 #SUP: 252
220000 -1 220001 -1 220004 -1 220006 -1 #SUP: 252
220000 -1 220001 -1 220003 -1 220006 -1 #SUP: 252
220000 -1 220001 -1 220002 -1 220006 -1 #SUP: 252
220000 -1 220001 -1 220004 -1 220005 -1 #SUP: 266
220000 -1 220001 -1 220003 -1 220005 -1 #SUP: 266
220000 -1 220001 -1 220002 -1 220005 -1 #SUP: 266
220000 -1 220001 -1 220005 -1 220006 -1 220007 -1 #SUP: 238
220000 -1 220001 -1 220003 -1 220004 -1 #SUP: 275
220000 -1 220001 -1 220002 -1 220004 -1 #SUP: 275
220000 -1 220001 -1 220004 -1 220005 -1 220006 -1 #SUP: 252
220000 -1 220001 -1 220004 -1 220005 -1 220007 -1 #SUP: 238
220000 -1 220001 -1 220004 -1 220005 -1 220006 -1 220007 -1 #SUP: 238
220000 -1 220001 -1 220004 -1 220006 -1 220007 -1 #SUP: 238
220000 -1 220001 -1 220002 -1 220003 -1 #SUP: 275
220000 -1 220001 -1 220003 -1 220004 -1 220005 -1 #SUP: 266
220000 -1 220001 -1 220003 -1 220004 -1 220006 -1 #SUP: 252
220000 -1 220001 -1 220003 -1 220004 -1 220007 -1 #SUP: 238
220000 -1 220001 -1 220003 -1 220004 -1 220006 -1 220007 -1 #SUP: 238
220000 -1 220001 -1 220003 -1 220004 -1 220005 -1 220007 -1 #SUP: 238
220000 -1 220001 -1 220003 -1 220004 -1 220005 -1 220006 -1 #SUP: 252
220000 -1 220001 -1 220003 -1 220004 -1 220005 -1 220006 -1 220007 -1 #SUP: 238
220000 -1 220001 -1 220003 -1 220005 -1 220006 -1 #SUP: 252
220000 -1 220001 -1 220003 -1 220005 -1 220007 -1 #SUP: 238
220000 -1 220001 -1 220003 -1 220005 -1 220006 -1 220007 -1 #SUP: 238
220000 -1 220001 -1 220003 -1 220006 -1 220007 -1 #SUP: 238
220000 -1 220001 -1 220002 -1 220003 -1 220004 -1 #SUP: 275
220000 -1 220001 -1 220002 -1 220003 -1 220005 -1 #SUP: 266
220000 -1 220001 -1 220002 -1 220003 -1 220006 -1 #SUP: 252
220000 -1 220001 -1 220002 -1 220003 -1 220007 -1 #SUP: 238
220000 -1 220001 -1 220002 -1 220003 -1 220006 -1 220007 -1 #SUP: 238
220000 -1 220001 -1 220002 -1 220003 -1 220005 -1 220007 -1 #SUP: 238
220000 -1 220001 -1 220002 -1 220003 -1 220004 -1 220007 -1 #SUP: 238
220000 -1 220001 -1 220002 -1 220003 -1 220005 -1 220006 -1 #SUP: 252
220000 -1 220001 -1 220002 -1 220003 -1 220004 -1 220006 -1 #SUP: 252
220000 -1 220001 -1 220002 -1 220003 -1 220004 -1 220005 -1 #SUP: 266
220000 -1 220001 -1 220002 -1 220003 -1 220005 -1 220006 -1 220007 -1 #SUP: 238
220000 -1 220001 -1 220002 -1 220003 -1 220004 -1 220005 -1 220006 -1 #SUP: 252
220000 -1 220001 -1 220002 -1 220003 -1 220004 -1 220005 -1 220007 -1 #SUP: 238
220000 -1 220001 -1 220002 -1 220003 -1 220004 -1 220005 -1 220006 -1 220007 -1 #SUP: 238
220000 -1 220001 -1 220002 -1 220003 -1 220004 -1 220006 -1 220007 -1 #SUP: 238
220000 -1 220001 -1 220002 -1 220004 -1 220005 -1 #SUP: 266
220000 -1 220001 -1 220002 -1 220004 -1 220006 -1 #SUP: 252
220000 -1 220001 -1 220002 -1 220004 -1 220007 -1 #SUP: 238
220000 -1 220001 -1 220002 -1 220004 -1 220006 -1 220007 -1 #SUP: 238
220000 -1 220001 -1 220002 -1 220004 -1 220005 -1 220007 -1 #SUP: 238
220000 -1 220001 -1 220002 -1 220004 -1 220005 -1 220006 -1 #SUP: 252
220000 -1 220001 -1 220002 -1 220004 -1 220005 -1 220006 -1 220007 -1 #SUP: 238
220000 -1 220001 -1 220002 -1 220005 -1 220006 -1 #SUP: 252
220000 -1 220001 -1 220002 -1 220005 -1 220007 -1 #SUP: 238
220000 -1 220001 -1 220002 -1 220005 -1 220006 -1 220007 -1 #SUP: 238
220000 -1 220001 -1 220002 -1 220006 -1 220007 -1 #SUP: 238
220000 -1 220002 -1 220003 -1 #SUP: 275
220000 -1 220002 -1 220004 -1 #SUP: 275
220000 -1 220002 -1 220005 -1 #SUP: 266
220000 -1 220002 -1 220006 -1 #SUP: 252
220000 -1 220002 -1 220007 -1 #SUP: 238
220000 -1 220002 -1 220006 -1 220007 -1 #SUP: 238
220000 -1 220002 -1 220005 -1 220007 -1 #SUP: 238
220000 -1 220002 -1 220004 -1 220007 -1 #SUP: 238
220000 -1 220002 -1 220003 -1 220007 -1 #SUP: 238
220000 -1 220002 -1 220005 -1 220006 -1 #SUP: 252
220000 -1 220002 -1 220004 -1 220006 -1 #SUP: 252
220000 -1 220002 -1 220003 -1 220006 -1 #SUP: 252
220000 -1 220002 -1 220004 -1 220005 -1 #SUP: 266
220000 -1 220002 -1 220003 -1 220005 -1 #SUP: 266
220000 -1 220002 -1 220005 -1 220006 -1 220007 -1 #SUP: 238
220000 -1 220002 -1 220003 -1 220004 -1 #SUP: 275
220000 -1 220002 -1 220004 -1 220005 -1 220006 -1 #SUP: 252
220000 -1 220002 -1 220004 -1 220005 -1 220007 -1 #SUP: 238
220000 -1 220002 -1 220004 -1 220005 -1 220006 -1 220007 -1 #SUP: 238
220000 -1 220002 -1 220004 -1 220006 -1 220007 -1 #SUP: 238
220000 -1 220002 -1 220003 -1 220004 -1 220005 -1 #SUP: 266
220000 -1 220002 -1 220003 -1 220004 -1 220006 -1 #SUP: 252
220000 -1 220002 -1 220003 -1 220004 -1 220007 -1 #SUP: 238
220000 -1 220002 -1 220003 -1 220004 -1 220006 -1 220007 -1 #SUP: 238
220000 -1 220002 -1 220003 -1 220004 -1 220005 -1 220007 -1 #SUP: 238
220000 -1 220002 -1 220003 -1 220004 -1 220005 -1 220006 -1 #SUP: 252
220000 -1 220002 -1 220003 -1 220004 -1 220005 -1 220006 -1 220007 -1 #SUP: 238
220000 -1 220002 -1 220003 -1 220005 -1 220006 -1 #SUP: 252
220000 -1 220002 -1 220003 -1 220005 -1 220007 -1 #SUP: 238
220000 -1 220002 -1 220003 -1 220005 -1 220006 -1 220007 -1 #SUP: 238
220000 -1 220002 -1 220003 -1 220006 -1 220007 -1 #SUP: 238
220000 -1 220003 -1 220004 -1 #SUP: 275
220000 -1 220003 -1 220005 -1 #SUP: 266
220000 -1 220003 -1 220006 -1 #SUP: 252
220000 -1 220003 -1 220007 -1 #SUP: 238
220000 -1 220003 -1 220006 -1 220007 -1 #SUP: 238
220000 -1 220003 -1 220005 -1 220007 -1 #SUP: 238
220000 -1 220003 -1 220004 -1 220007 -1 #SUP: 238
220000 -1 220003 -1 220005 -1 220006 -1 #SUP: 252
220000 -1 220003 -1 220004 -1 220006 -1 #SUP: 252
220000 -1 220003 -1 220004 -1 220005 -1 #SUP: 266
220000 -1 220003 -1 220005 -1 220006 -1 220007 -1 #SUP: 238
220000 -1 220003 -1 220004 -1 220005 -1 220006 -1 #SUP: 252
220000 -1 220003 -1 220004 -1 220005 -1 220007 -1 #SUP: 238
220000 -1 220003 -1 220004 -1 220005 -1 220006 -1 220007 -1 #SUP: 238
220000 -1 220003 -1 220004 -1 220006 -1 220007 -1 #SUP: 238
220000 -1 220004 -1 220005 -1 #SUP: 266
220000 -1 220004 -1 220006 -1 #SUP: 252
220000 -1 220004 -1 220007 -1 #SUP: 238
220000 -1 220004 -1 220006 -1 220007 -1 #SUP: 238
220000 -1 220004 -1 220005 -1 220007 -1 #SUP: 238
220000 -1 220004 -1 220005 -1 220006 -1 #SUP: 252
220000 -1 220004 -1 220005 -1 220006 -1 220007 -1 #SUP: 238
220000 -1 220005 -1 220006 -1 #SUP: 252
220000 -1 220005 -1 220007 -1 #SUP: 238
220000 -1 220005 -1 220006 -1 220007 -1 #SUP: 238
220000 -1 220006 -1 220007 -1 #SUP: 238
160014 -1 160015 -1 #SUP: 308
160013 -1 160015 -1 #SUP: 308
160012 -1 160015 -1 #SUP: 304
160013 -1 160014 -1 #SUP: 308
160012 -1 160014 -1 #SUP: 304
160012 -1 160013 -1 #SUP: 304
160013 -1 160014 -1 160015 -1 #SUP: 308
160012 -1 160013 -1 160014 -1 #SUP: 304
160012 -1 160013 -1 160015 -1 #SUP: 304
160012 -1 160013 -1 160014 -1 160015 -1 #SUP: 304
160012 -1 160014 -1 160015 -1 #SUP: 304
90006 -1 90007 -1 #SUP: 485
90005 -1 90007 -1 #SUP: 485
90004 -1 90007 -1 #SUP: 485
90003 -1 90007 -1 #SUP: 485
90002 -1 90007 -1 #SUP: 484
90001 -1 90007 -1 #SUP: 478
90005 -1 90006 -1 #SUP: 487
90004 -1 90006 -1 #SUP: 487
90003 -1 90006 -1 #SUP: 487
90002 -1 90006 -1 #SUP: 486
90001 -1 90006 -1 #SUP: 480
90004 -1 90005 -1 #SUP: 489
90003 -1 90005 -1 #SUP: 489
90002 -1 90005 -1 #SUP: 488
90001 -1 90005 -1 #SUP: 482
90005 -1 90006 -1 90007 -1 #SUP: 485
90003 -1 90004 -1 #SUP: 494
90002 -1 90004 -1 #SUP: 493
90001 -1 90004 -1 #SUP: 487
90004 -1 90005 -1 90006 -1 #SUP: 487
90004 -1 90005 -1 90007 -1 #SUP: 485
90004 -1 90005 -1 90006 -1 90007 -1 #SUP: 485
90004 -1 90006 -1 90007 -1 #SUP: 485
90002 -1 90003 -1 #SUP: 495
90001 -1 90003 -1 #SUP: 489
90003 -1 90004 -1 90005 -1 #SUP: 489
90003 -1 90004 -1 90006 -1 #SUP: 487
90003 -1 90004 -1 90007 -1 #SUP: 485
90003 -1 90004 -1 90006 -1 90007 -1 #SUP: 485
90003 -1 90004 -1 90005 -1 90007 -1 #SUP: 485
90003 -1 90004 -1 90005 -1 90006 -1 #SUP: 487
90003 -1 90004 -1 90005 -1 90006 -1 90007 -1 #SUP: 485
90003 -1 90005 -1 90006 -1 #SUP: 487
90003 -1 90005 -1 90007 -1 #SUP: 485
90003 -1 90005 -1 90006 -1 90007 -1 #SUP: 485
90003 -1 90006 -1 90007 -1 #SUP: 485
90001 -1 90002 -1 #SUP: 489
90002 -1 90003 -1 90004 -1 #SUP: 493
90002 -1 90003 -1 90005 -1 #SUP: 488
90002 -1 90003 -1 90006 -1 #SUP: 486
90002 -1 90003 -1 90007 -1 #SUP: 484
90002 -1 90003 -1 90006 -1 90007 -1 #SUP: 484
90002 -1 90003 -1 90005 -1 90007 -1 #SUP: 484
90002 -1 90003 -1 90004 -1 90007 -1 #SUP: 484
90002 -1 90003 -1 90005 -1 90006 -1 #SUP: 486
90002 -1 90003 -1 90004 -1 90006 -1 #SUP: 486
90002 -1 90003 -1 90004 -1 90005 -1 #SUP: 488
90002 -1 90003 -1 90005 -1 90006 -1 90007 -1 #SUP: 484
90002 -1 90003 -1 90004 -1 90005 -1 90006 -1 #SUP: 486
90002 -1 90003 -1 90004 -1 90005 -1 90007 -1 #SUP: 484
90002 -1 90003 -1 90004 -1 90005 -1 90006 -1 90007 -1 #SUP: 484
90002 -1 90003 -1 90004 -1 90006 -1 90007 -1 #SUP: 484
90002 -1 90004 -1 90005 -1 #SUP: 488
90002 -1 90004 -1 90006 -1 #SUP: 486
90002 -1 90004 -1 90007 -1 #SUP: 484
90002 -1 90004 -1 90006 -1 90007 -1 #SUP: 484
90002 -1 90004 -1 90005 -1 90007 -1 #SUP: 484
90002 -1 90004 -1 90005 -1 90006 -1 #SUP: 486
90002 -1 90004 -1 90005 -1 90006 -1 90007 -1 #SUP: 484
90002 -1 90005 -1 90006 -1 #SUP: 486
90002 -1 90005 -1 90007 -1 #SUP: 484
90002 -1 90005 -1 90006 -1 90007 -1 #SUP: 484
90002 -1 90006 -1 90007 -1 #SUP: 484
90001 -1 90002 -1 90003 -1 #SUP: 489
90001 -1 90002 -1 90004 -1 #SUP: 487
90001 -1 90002 -1 90005 -1 #SUP: 482
90001 -1 90002 -1 90006 -1 #SUP: 480
90001 -1 90002 -1 90007 -1 #SUP: 478
90001 -1 90002 -1 90006 -1 90007 -1 #SUP: 478
90001 -1 90002 -1 90005 -1 90007 -1 #SUP: 478
90001 -1 90002 -1 90004 -1 90007 -1 #SUP: 478
90001 -1 90002 -1 90003 -1 90007 -1 #SUP: 478
90001 -1 90002 -1 90005 -1 90006 -1 #SUP: 480
90001 -1 90002 -1 90004 -1 90006 -1 #SUP: 480
90001 -1 90002 -1 90003 -1 90006 -1 #SUP: 480
90001 -1 90002 -1 90004 -1 90005 -1 #SUP: 482
90001 -1 90002 -1 90003 -1 90005 -1 #SUP: 482
90001 -1 90002 -1 90005 -1 90006 -1 90007 -1 #SUP: 478
90001 -1 90002 -1 90003 -1 90004 -1 #SUP: 487
90001 -1 90002 -1 90004 -1 90005 -1 90006 -1 #SUP: 480
90001 -1 90002 -1 90004 -1 90005 -1 90007 -1 #SUP: 478
90001 -1 90002 -1 90004 -1 90005 -1 90006 -1 90007 -1 #SUP: 478
90001 -1 90002 -1 90004 -1 90006 -1 90007 -1 #SUP: 478
90001 -1 90002 -1 90003 -1 90004 -1 90005 -1 #SUP: 482
90001 -1 90002 -1 90003 -1 90004 -1 90006 -1 #SUP: 480
90001 -1 90002 -1 90003 -1 90004 -1 90007 -1 #SUP: 478
90001 -1 90002 -1 90003 -1 90004 -1 90006 -1 90007 -1 #SUP: 478
90001 -1 90002 -1 90003 -1 90004 -1 90005 -1 90007 -1 #SUP: 478
90001 -1 90002 -1 90003 -1 90004 -1 90005 -1 90006 -1 #SUP: 480
90001 -1 90002 -1 90003 -1 90004 -1 90005 -1 90006 -1 90007 -1 #SUP: 478
90001 -1 90002 -1 90003 -1 90005 -1 90006 -1 #SUP: 480
90001 -1 90002 -1 90003 -1 90005 -1 90007 -1 #SUP: 478
90001 -1 90002 -1 90003 -1 90005 -1 90006 -1 90007 -1 #SUP: 478
90001 -1 90002 -1 90003 -1 90006 -1 90007 -1 #SUP: 478
90001 -1 90003 -1 90004 -1 #SUP: 487
90001 -1 90003 -1 90005 -1 #SUP: 482
90001 -1 90003 -1 90006 -1 #SUP: 480
90001 -1 90003 -1 90007 -1 #SUP: 478
90001 -1 90003 -1 90006 -1 90007 -1 #SUP: 478
90001 -1 90003 -1 90005 -1 90007 -1 #SUP: 478
90001 -1 90003 -1 90004 -1 90007 -1 #SUP: 478
90001 -1 90003 -1 90005 -1 90006 -1 #SUP: 480
90001 -1 90003 -1 90004 -1 90006 -1 #SUP: 480
90001 -1 90003 -1 90004 -1 90005 -1 #SUP: 482
90001 -1 90003 -1 90005 -1 90006 -1 90007 -1 #SUP: 478
90001 -1 90003 -1 90004 -1 90005 -1 90006 -1 #SUP: 480
90001 -1 90003 -1 90004 -1 90005 -1 90007 -1 #SUP: 478
90001 -1 90003 -1 90004 -1 90005 -1 90006 -1 90007 -1 #SUP: 478
90001 -1 90003 -1 90004 -1 90006 -1 90007 -1 #SUP: 478
90001 -1 90004 -1 90005 -1 #SUP: 482
90001 -1 90004 -1 90006 -1 #SUP: 480
90001 -1 90004 -1 90007 -1 #SUP: 478
90001 -1 90004 -1 90006 -1 90007 -1 #SUP: 478
90001 -1 90004 -1 90005 -1 90007 -1 #SUP: 478
90001 -1 90004 -1 90005 -1 90006 -1 #SUP: 480
90001 -1 90004 -1 90005 -1 90006 -1 90007 -1 #SUP: 478
90001 -1 90005 -1 90006 -1 #SUP: 480
90001 -1 90005 -1 90007 -1 #SUP: 478
90001 -1 90005 -1 90006 -1 90007 -1 #SUP: 478
90001 -1 90006 -1 90007 -1 #SUP: 478
70004 -1 70005 -1 #SUP: 475
70003 -1 70005 -1 #SUP: 473
70002 -1 70005 -1 #SUP: 387
70001 -1 70005 -1 #SUP: 370
70003 -1 70004 -1 #SUP: 480
70002 -1 70004 -1 #SUP: 394
70001 -1 70004 -1 #SUP: 374
70002 -1 70003 -1 #SUP: 394
70001 -1 70003 -1 #SUP: 374
70003 -1 70004 -1 70005 -1 #SUP: 473
70001 -1 70002 -1 #SUP: 374
70002 -1 70003 -1 70004 -1 #SUP: 394
70002 -1 70003 -1 70005 -1 #SUP: 387
70002 -1 70003 -1 70004 -1 70005 -1 #SUP: 387
70002 -1 70004 -1 70005 -1 #SUP: 387
70001 -1 70002 -1 70003 -1 #SUP: 374
70001 -1 70002 -1 70004 -1 #SUP: 374
70001 -1 70002 -1 70005 -1 #SUP: 370
70001 -1 70002 -1 70004 -1 70005 -1 #SUP: 370
70001 -1 70002 -1 70003 -1 70005 -1 #SUP: 370
70001 -1 70002 -1 70003 -1 70004 -1 #SUP: 374
70001 -1 70002 -1 70003 -1 70004 -1 70005 -1 #SUP: 370
70001 -1 70003 -1 70004 -1 #SUP: 374
70001 -1 70003 -1 70005 -1 #SUP: 370
70001 -1 70003 -1 70004 -1 70005 -1 #SUP: 370
70001 -1 70004 -1 70005 -1 #SUP: 370
30002 -1 30003 -1 #SUP: 257
30001 -1 30003 -1 #SUP: 256
30000 -1 30003 -1 #SUP: 250
30001 -1 30002 -1 #SUP: 256
30000 -1 30002 -1 #SUP: 250
30000 -1 30001 -1 #SUP: 250
30001 -1 30002 -1 30003 -1 #SUP: 256
30000 -1 30001 -1 30002 -1 #SUP: 250
30000 -1 30001 -1 30003 -1 #SUP: 250
30000 -1 30001 -1 30002 -1 30003 -1 #SUP: 250
30000 -1 30002 -1 30003 -1 #SUP: 250
